0  16  3  8  0  16  3  
17  4  31  16  21  7  19  
1  22  2  8  1  30  2  
9  17  9  4  27  31  27  
0  28  3  14  0  20  3  
17  5  23  22  29  6  19  
1  18  2  14  1  18  2  

0  16  3  24  0  16  3  
17  4  31  28  21  7  19  
1  22  2  24  1  30  2  
9  17  9  5  15  23  15  
0  28  3  10  0  20  3  
17  5  23  18  29  6  19  
1  18  2  10  1  18  2  

0  16  3  12  0  16  3  
17  4  31  20  21  7  19  
1  22  2  12  1  30  2  
25  29  25  6  11  19  11  
0  28  3  10  0  20  3  
17  5  23  18  29  6  19  
1  18  2  10  1  18  2  

0  16  3  8  0  16  3  
17  4  31  16  21  7  19  
1  22  2  8  1  30  2  
13  21  13  7  11  19  11  
0  28  3  26  0  20  3  
17  5  23  30  29  6  19  
1  18  2  26  1  18  2  

