0 16 3 17 4 31 1 22 2 
16 3 8 4 31 16 22 2 8 
3 8 0 31 16 21 2 8 1 
8 0 16 16 21 7 8 1 30 
0 16 3 21 7 19 1 30 2 
16 3 8 7 19 8 30 2 8 
3 8 0 19 8 17 2 8 1 
8 0 16 8 17 4 8 1 22 
17 4 31 1 22 2 9 17 9 
4 31 16 22 2 8 17 9 4 
31 16 21 2 8 1 9 4 27 
16 21 7 8 1 30 4 27 31 
21 7 19 1 30 2 27 31 27 
7 19 8 30 2 8 31 27 16 
19 8 17 2 8 1 27 16 13 
8 17 4 8 1 22 16 13 21 
17 4 31 1 22 2 13 21 13 
4 31 16 22 2 8 21 13 7 
31 16 21 2 8 1 13 7 11 
16 21 7 8 1 30 7 11 19 
21 7 19 1 30 2 11 19 11 
1 22 2 9 17 9 0 28 3 
22 2 8 17 9 4 28 3 14 
2 8 1 9 4 27 3 14 0 
8 1 30 4 27 31 14 0 20 
1 30 2 27 31 27 0 20 3 
30 2 8 31 27 16 20 3 8 
2 8 1 27 16 13 3 8 0 
8 1 22 16 13 21 8 0 28 
1 22 2 13 21 13 0 28 3 
22 2 8 21 13 7 28 3 26 
2 8 1 13 7 11 3 26 0 
8 1 30 7 11 19 26 0 20 
1 30 2 11 19 11 0 20 3 
9 17 9 0 28 3 17 5 23 
17 9 4 28 3 14 5 23 22 
9 4 27 3 14 0 23 22 29 
4 27 31 14 0 20 22 29 6 
27 31 27 0 20 3 29 6 19 
31 27 16 20 3 8 6 19 8 
27 16 13 3 8 0 19 8 17 
16 13 21 8 0 28 8 17 5 
13 21 13 0 28 3 17 5 23 
21 13 7 28 3 26 5 23 30 
13 7 11 3 26 0 23 30 29 
7 11 19 26 0 20 30 29 6 
11 19 11 0 20 3 29 6 19 
0 28 3 17 5 23 1 18 2 
28 3 14 5 23 22 18 2 14 
3 14 0 23 22 29 2 14 1 
14 0 20 22 29 6 14 1 18 
0 20 3 29 6 19 1 18 2 
20 3 8 6 19 8 18 2 8 
8 0 28 8 17 5 8 1 18 
28 3 26 5 23 30 18 2 26 
3 26 0 23 30 29 2 26 1 
26 0 20 30 29 6 26 1 18 
17 5 23 1 18 2 9 9 9 
5 23 22 18 2 14 9 9 17 
23 22 29 2 14 1 9 17 9 
22 29 6 14 1 18 17 9 9 
29 6 19 1 18 2 9 9 9 
6 19 8 18 2 8 9 9 4 
19 8 17 2 8 1 9 4 27 
8 17 5 8 1 18 4 27 27 
17 5 23 1 18 2 27 27 27 
5 23 30 18 2 26 27 27 31 
23 30 29 2 26 1 27 31 27 
30 29 6 26 1 18 31 27 27 
29 6 19 1 18 2 27 27 27 
1 18 2 9 9 9 0 16 3 
18 2 14 9 9 17 16 3 24 
2 14 1 9 17 9 3 24 0 
14 1 18 17 9 9 24 0 16 
18 2 8 9 9 4 16 3 14 
8 1 18 4 27 27 14 0 16 
1 18 2 27 27 27 0 16 3 
18 2 26 27 27 31 16 3 12 
2 26 1 27 31 27 3 12 0 
26 1 18 31 27 27 12 0 16 
9 9 9 0 16 3 17 4 31 
9 9 17 16 3 24 4 31 28 
9 17 9 3 24 0 31 28 21 
17 9 9 24 0 16 28 21 7 
9 9 9 0 16 3 21 7 19 
9 9 4 16 3 14 7 19 14 
9 4 27 3 14 0 19 14 17 
4 27 27 14 0 16 14 17 4 
27 27 27 0 16 3 17 4 31 
27 27 31 16 3 12 4 31 20 
27 31 27 3 12 0 31 20 21 
31 27 27 12 0 16 20 21 7 
27 27 27 0 16 3 21 7 19 
16 3 24 4 31 28 22 2 24 
3 24 0 31 28 21 2 24 1 
24 0 16 28 21 7 24 1 30 
16 3 14 7 19 14 30 2 14 
3 14 0 19 14 17 2 14 1 
14 0 16 14 17 4 14 1 22 
16 3 12 4 31 20 22 2 12 
3 12 0 31 20 21 2 12 1 
12 0 16 20 21 7 12 1 30 
4 31 28 22 2 24 17 9 5 
31 28 21 2 24 1 9 5 15 
28 21 7 24 1 30 5 15 23 
21 7 19 1 30 2 15 23 15 
7 19 14 30 2 14 23 15 22 
19 14 17 2 14 1 15 22 25 
14 17 4 14 1 22 22 25 29 
17 4 31 1 22 2 25 29 25 
4 31 20 22 2 12 29 25 6 
31 20 21 2 12 1 25 6 11 
20 21 7 12 1 30 6 11 19 
22 2 24 17 9 5 28 3 10 
2 24 1 9 5 15 3 10 0 
24 1 30 5 15 23 10 0 20 
1 30 2 15 23 15 0 20 3 
30 2 14 23 15 22 20 3 14 
2 14 1 15 22 25 3 14 0 
14 1 22 22 25 29 14 0 28 
1 22 2 25 29 25 0 28 3 
22 2 12 29 25 6 28 3 10 
2 12 1 25 6 11 3 10 0 
12 1 30 6 11 19 10 0 20 
17 9 5 28 3 10 5 23 18 
9 5 15 3 10 0 23 18 29 
5 15 23 10 0 20 18 29 6 
15 23 15 0 20 3 29 6 19 
23 15 22 20 3 14 6 19 14 
15 22 25 3 14 0 19 14 17 
22 25 29 14 0 28 14 17 5 
25 29 25 0 28 3 17 5 23 
29 25 6 28 3 10 5 23 18 
25 6 11 3 10 0 23 18 29 
6 11 19 10 0 20 18 29 6 
28 3 10 5 23 18 18 2 10 
3 10 0 23 18 29 2 10 1 
10 0 20 18 29 6 10 1 18 
20 3 14 6 19 14 18 2 14 
14 0 28 14 17 5 14 1 18 
16 3 24 7 19 24 30 2 24 
3 24 0 19 24 17 2 24 1 
24 0 16 24 17 4 24 1 22 
7 19 24 30 2 24 31 27 28 
19 24 17 2 24 1 27 28 13 
24 17 4 24 1 22 28 13 21 
30 2 24 31 27 28 20 3 24 
2 24 1 27 28 13 3 24 0 
24 1 22 28 13 21 24 0 28 
31 27 28 20 3 24 6 19 24 
27 28 13 3 24 0 19 24 17 
28 13 21 24 0 28 24 17 5 
20 3 24 6 19 24 18 2 24 
24 0 28 24 17 5 24 1 18 
6 19 24 18 2 24 9 9 5 
19 24 17 2 24 1 9 5 15 
24 17 5 24 1 18 5 15 15 
17 5 23 1 18 2 15 15 15 
5 23 30 18 2 26 15 15 23 
23 30 29 2 26 1 15 23 15 
30 29 6 26 1 18 23 15 15 
29 6 19 1 18 2 15 15 15 
18 2 24 9 9 5 16 3 10 
24 1 18 5 15 15 10 0 16 
1 18 2 15 15 15 0 16 3 
18 2 26 15 15 23 16 3 12 
2 26 1 15 23 15 3 12 0 
26 1 18 23 15 15 12 0 16 
9 9 5 16 3 10 7 19 10 
9 5 15 3 10 0 19 10 17 
5 15 15 10 0 16 10 17 4 
15 15 15 0 16 3 17 4 31 
15 15 23 16 3 12 4 31 20 
15 23 15 3 12 0 31 20 21 
23 15 15 12 0 16 20 21 7 
15 15 15 0 16 3 21 7 19 
16 3 10 7 19 10 30 2 10 
3 10 0 19 10 17 2 10 1 
10 0 16 10 17 4 10 1 22 
7 19 10 30 2 10 23 15 18 
19 10 17 2 10 1 15 18 25 
10 17 4 10 1 22 18 25 29 
30 2 10 23 15 18 20 3 10 
2 10 1 15 18 25 3 10 0 
10 1 22 18 25 29 10 0 28 
23 15 18 20 3 10 6 19 10 
15 18 25 3 10 0 19 10 17 
18 25 29 10 0 28 10 17 5 
20 3 10 6 19 10 18 2 10 
10 0 28 10 17 5 10 1 18 
16 3 12 7 19 12 30 2 12 
3 12 0 19 12 17 2 12 1 
12 0 16 12 17 4 12 1 22 
7 19 12 30 2 12 31 27 20 
19 12 17 2 12 1 27 20 13 
12 17 4 12 1 22 20 13 21 
30 2 12 31 27 20 20 3 12 
2 12 1 27 20 13 3 12 0 
12 1 22 20 13 21 12 0 28 
31 27 20 20 3 12 6 19 12 
27 20 13 3 12 0 19 12 17 
20 13 21 12 0 28 12 17 5 
20 3 12 6 19 12 18 2 12 
12 0 28 12 17 5 12 1 18 
17 5 23 1 18 2 25 25 25 
5 23 22 18 2 14 25 25 29 
23 22 29 2 14 1 25 29 25 
22 29 6 14 1 18 29 25 25 
29 6 19 1 18 2 25 25 25 
6 19 12 18 2 12 25 25 6 
19 12 17 2 12 1 25 6 11 
12 17 5 12 1 18 6 11 11 
17 5 23 1 18 2 11 11 11 
5 23 30 18 2 26 11 11 19 
23 30 29 2 26 1 11 19 11 
30 29 6 26 1 18 19 11 11 
29 6 19 1 18 2 11 11 11 
1 18 2 25 25 25 0 16 3 
18 2 14 25 25 29 16 3 24 
2 14 1 25 29 25 3 24 0 
14 1 18 29 25 25 24 0 16 
18 2 12 25 25 6 16 3 10 
12 1 18 6 11 11 10 0 16 
1 18 2 11 11 11 0 16 3 
18 2 26 11 11 19 16 3 12 
2 26 1 11 19 11 3 12 0 
26 1 18 19 11 11 12 0 16 
25 25 25 0 16 3 17 4 31 
25 25 29 16 3 24 4 31 28 
25 29 25 3 24 0 31 28 21 
29 25 25 24 0 16 28 21 7 
25 25 25 0 16 3 21 7 19 
25 25 6 16 3 10 7 19 10 
25 6 11 3 10 0 19 10 17 
6 11 11 10 0 16 10 17 4 
11 11 11 0 16 3 17 4 31 
11 11 19 16 3 12 4 31 20 
11 19 11 3 12 0 31 20 21 
19 11 11 12 0 16 20 21 7 
11 11 11 0 16 3 21 7 19 
17 5 23 1 18 2 13 13 13 
5 23 22 18 2 14 13 13 21 
23 22 29 2 14 1 13 21 13 
22 29 6 14 1 18 21 13 13 
29 6 19 1 18 2 13 13 13 
6 19 8 18 2 8 13 13 7 
19 8 17 2 8 1 13 7 11 
8 17 5 8 1 18 7 11 11 
1 18 2 13 13 13 0 16 3 
18 2 14 13 13 21 16 3 24 
2 14 1 13 21 13 3 24 0 
14 1 18 21 13 13 24 0 16 
18 2 8 13 13 7 16 3 26 
8 1 18 7 11 11 26 0 16 
13 13 13 0 16 3 17 4 31 
13 13 21 16 3 24 4 31 28 
13 21 13 3 24 0 31 28 21 
21 13 13 24 0 16 28 21 7 
13 13 13 0 16 3 21 7 19 
13 13 7 16 3 26 7 19 26 
13 7 11 3 26 0 19 26 17 
7 11 11 26 0 16 26 17 4 
16 3 26 7 19 26 30 2 26 
3 26 0 19 26 17 2 26 1 
26 0 16 26 17 4 26 1 22 
7 19 26 30 2 26 23 15 30 
19 26 17 2 26 1 15 30 25 
26 17 4 26 1 22 30 25 29 
30 2 26 23 15 30 20 3 26 
2 26 1 15 30 25 3 26 0 
26 1 22 30 25 29 26 0 28 
23 15 30 20 3 26 6 19 26 
15 30 25 3 26 0 19 26 17 
30 25 29 26 0 28 26 17 5 
20 3 26 6 19 26 18 2 26 
26 0 28 26 17 5 26 1 18 
7 19 8 30 2 8 19 11 8 
19 8 17 2 8 1 11 8 9 
8 17 4 8 1 22 8 9 17 
30 2 8 19 11 8 20 3 8 
2 8 1 11 8 9 3 8 0 
8 1 22 8 9 17 8 0 28 
19 11 8 20 3 8 6 19 8 
11 8 9 3 8 0 19 8 17 
8 9 17 8 0 28 8 17 5 
6 19 8 18 2 8 27 27 16 
8 17 5 8 1 18 16 13 13 
18 2 8 27 27 16 16 3 8 
8 1 18 16 13 13 8 0 16 
27 27 16 16 3 8 7 19 8 
16 13 13 8 0 16 8 17 4 
5 23 18 18 2 10 9 9 9 
23 18 29 2 10 1 9 9 9 
18 29 6 10 1 18 9 9 9 
6 19 14 18 2 14 9 9 17 
19 14 17 2 14 1 9 17 9 
14 17 5 14 1 18 17 9 9 
5 23 18 18 2 10 27 27 27 
23 18 29 2 10 1 27 27 27 
18 29 6 10 1 18 27 27 27 
6 19 26 18 2 26 27 27 31 
19 26 17 2 26 1 27 31 27 
26 17 5 26 1 18 31 27 27 
18 2 10 9 9 9 16 3 8 
2 10 1 9 9 9 3 8 0 
10 1 18 9 9 9 8 0 16 
18 2 10 27 27 27 16 3 8 
2 10 1 27 27 27 3 8 0 
10 1 18 27 27 27 8 0 16 
9 9 9 16 3 8 4 31 16 
9 9 9 3 8 0 31 16 21 
9 9 9 8 0 16 16 21 7 
9 9 17 16 3 24 7 19 24 
9 17 9 3 24 0 19 24 17 
17 9 9 24 0 16 24 17 4 
27 27 27 16 3 8 4 31 16 
27 27 27 3 8 0 31 16 21 
27 27 27 8 0 16 16 21 7 
27 27 31 16 3 12 7 19 12 
27 31 27 3 12 0 19 12 17 
31 27 27 12 0 16 12 17 4 
7 19 14 30 2 14 19 11 14 
19 14 17 2 14 1 11 14 9 
14 17 4 14 1 22 14 9 17 
30 2 14 19 11 14 20 3 14 
2 14 1 11 14 9 3 14 0 
14 1 22 14 9 17 14 0 28 
19 11 14 20 3 14 6 19 14 
11 14 9 3 14 0 19 14 17 
14 9 17 14 0 28 14 17 5 
6 19 14 18 2 14 15 15 22 
14 17 5 14 1 18 22 25 25 
18 2 14 15 15 22 16 3 14 
14 1 18 22 25 25 14 0 16 
15 15 22 16 3 14 7 19 14 
22 25 25 14 0 16 14 17 4 
7 19 24 30 2 24 19 11 24 
19 24 17 2 24 1 11 24 9 
24 17 4 24 1 22 24 9 17 
30 2 24 19 11 24 20 3 24 
2 24 1 11 24 9 3 24 0 
24 1 22 24 9 17 24 0 28 
19 11 24 20 3 24 6 19 24 
11 24 9 3 24 0 19 24 17 
24 9 17 24 0 28 24 17 5 
6 19 24 18 2 24 27 27 28 
24 17 5 24 1 18 28 13 13 
18 2 24 27 27 28 16 3 24 
24 1 18 28 13 13 24 0 16 
27 27 28 16 3 24 7 19 24 
28 13 13 24 0 16 24 17 4 
5 23 18 18 2 10 15 15 15 
23 18 29 2 10 1 15 15 15 
18 29 6 10 1 18 15 15 15 
6 19 26 18 2 26 15 15 23 
19 26 17 2 26 1 15 23 15 
26 17 5 26 1 18 23 15 15 
18 2 10 15 15 15 16 3 8 
2 10 1 15 15 15 3 8 0 
10 1 18 15 15 15 8 0 16 
15 15 15 16 3 8 4 31 16 
15 15 15 3 8 0 31 16 21 
15 15 15 8 0 16 16 21 7 
15 15 23 16 3 12 7 19 12 
15 23 15 3 12 0 19 12 17 
23 15 15 12 0 16 12 17 4 
7 19 10 30 2 10 19 11 10 
19 10 17 2 10 1 11 10 9 
10 17 4 10 1 22 10 9 17 
30 2 10 19 11 10 20 3 10 
2 10 1 11 10 9 3 10 0 
10 1 22 10 9 17 10 0 28 
19 11 10 20 3 10 6 19 10 
11 10 9 3 10 0 19 10 17 
10 9 17 10 0 28 10 17 5 
6 19 10 18 2 10 15 15 18 
10 17 5 10 1 18 18 25 25 
18 2 10 15 15 18 16 3 10 
10 1 18 18 25 25 10 0 16 
15 15 18 16 3 10 7 19 10 
18 25 25 10 0 16 10 17 4 
7 19 12 30 2 12 19 11 12 
19 12 17 2 12 1 11 12 9 
12 17 4 12 1 22 12 9 17 
30 2 12 19 11 12 20 3 12 
2 12 1 11 12 9 3 12 0 
12 1 22 12 9 17 12 0 28 
19 11 12 20 3 12 6 19 12 
11 12 9 3 12 0 19 12 17 
12 9 17 12 0 28 12 17 5 
6 19 12 18 2 12 27 27 20 
12 17 5 12 1 18 20 13 13 
18 2 12 27 27 20 16 3 12 
12 1 18 20 13 13 12 0 16 
27 27 20 16 3 12 7 19 12 
20 13 13 12 0 16 12 17 4 
5 23 18 18 2 10 25 25 25 
23 18 29 2 10 1 25 25 25 
18 29 6 10 1 18 25 25 25 
6 19 14 18 2 14 25 25 29 
19 14 17 2 14 1 25 29 25 
14 17 5 14 1 18 29 25 25 
5 23 18 18 2 10 11 11 11 
23 18 29 2 10 1 11 11 11 
18 29 6 10 1 18 11 11 11 
6 19 26 18 2 26 11 11 19 
19 26 17 2 26 1 11 19 11 
26 17 5 26 1 18 19 11 11 
18 2 10 25 25 25 16 3 8 
2 10 1 25 25 25 3 8 0 
10 1 18 25 25 25 8 0 16 
18 2 10 11 11 11 16 3 8 
2 10 1 11 11 11 3 8 0 
10 1 18 11 11 11 8 0 16 
25 25 25 16 3 8 4 31 16 
25 25 25 3 8 0 31 16 21 
25 25 25 8 0 16 16 21 7 
25 25 29 16 3 24 7 19 24 
25 29 25 3 24 0 19 24 17 
29 25 25 24 0 16 24 17 4 
11 11 11 16 3 8 4 31 16 
11 11 11 3 8 0 31 16 21 
11 11 11 8 0 16 16 21 7 
11 11 19 16 3 12 7 19 12 
11 19 11 3 12 0 19 12 17 
19 11 11 12 0 16 12 17 4 
5 23 18 18 2 10 13 13 13 
23 18 29 2 10 1 13 13 13 
18 29 6 10 1 18 13 13 13 
6 19 14 18 2 14 13 13 21 
19 14 17 2 14 1 13 21 13 
14 17 5 14 1 18 21 13 13 
18 2 10 13 13 13 16 3 8 
2 10 1 13 13 13 3 8 0 
10 1 18 13 13 13 8 0 16 
13 13 13 16 3 8 4 31 16 
13 13 13 3 8 0 31 16 21 
13 13 13 8 0 16 16 21 7 
13 13 21 16 3 24 7 19 24 
13 21 13 3 24 0 19 24 17 
21 13 13 24 0 16 24 17 4 
7 19 26 30 2 26 19 11 26 
19 26 17 2 26 1 11 26 9 
26 17 4 26 1 22 26 9 17 
30 2 26 19 11 26 20 3 26 
2 26 1 11 26 9 3 26 0 
26 1 22 26 9 17 26 0 28 
19 11 26 20 3 26 6 19 26 
11 26 9 3 26 0 19 26 17 
26 9 17 26 0 28 26 17 5 
6 19 26 18 2 26 15 15 30 
26 17 5 26 1 18 30 25 25 
18 2 26 15 15 30 16 3 26 
26 1 18 30 25 25 26 0 16 
15 15 30 16 3 26 7 19 26 
30 25 25 26 0 16 26 17 4 
6 19 8 18 2 8 11 11 8 
8 17 5 8 1 18 8 9 9 
18 2 8 11 11 8 16 3 8 
8 1 18 8 9 9 8 0 16 
11 11 8 16 3 8 7 19 8 
8 9 9 8 0 16 8 17 4 
6 19 10 18 2 10 9 9 9 
19 10 17 2 10 1 9 9 9 
10 17 5 10 1 18 9 9 9 
6 19 10 18 2 10 27 27 27 
19 10 17 2 10 1 27 27 27 
10 17 5 10 1 18 27 27 27 
9 9 9 16 3 8 7 19 8 
9 9 9 3 8 0 19 8 17 
9 9 9 8 0 16 8 17 4 
27 27 27 16 3 8 7 19 8 
27 27 27 3 8 0 19 8 17 
27 27 27 8 0 16 8 17 4 
6 19 14 18 2 14 11 11 14 
14 17 5 14 1 18 14 9 9 
18 2 14 11 11 14 16 3 14 
14 1 18 14 9 9 14 0 16 
11 11 14 16 3 14 7 19 14 
14 9 9 14 0 16 14 17 4 
6 19 24 18 2 24 11 11 24 
24 17 5 24 1 18 24 9 9 
18 2 24 11 11 24 16 3 24 
24 1 18 24 9 9 24 0 16 
11 11 24 16 3 24 7 19 24 
24 9 9 24 0 16 24 17 4 
6 19 10 18 2 10 15 15 15 
19 10 17 2 10 1 15 15 15 
10 17 5 10 1 18 15 15 15 
15 15 15 16 3 8 7 19 8 
15 15 15 3 8 0 19 8 17 
15 15 15 8 0 16 8 17 4 
6 19 10 18 2 10 11 11 10 
10 17 5 10 1 18 10 9 9 
18 2 10 11 11 10 16 3 10 
10 1 18 10 9 9 10 0 16 
11 11 10 16 3 10 7 19 10 
10 9 9 10 0 16 10 17 4 
6 19 12 18 2 12 11 11 12 
12 17 5 12 1 18 12 9 9 
18 2 12 11 11 12 16 3 12 
12 1 18 12 9 9 12 0 16 
11 11 12 16 3 12 7 19 12 
12 9 9 12 0 16 12 17 4 
6 19 10 18 2 10 25 25 25 
19 10 17 2 10 1 25 25 25 
10 17 5 10 1 18 25 25 25 
6 19 10 18 2 10 11 11 11 
19 10 17 2 10 1 11 11 11 
10 17 5 10 1 18 11 11 11 
25 25 25 16 3 8 7 19 8 
25 25 25 3 8 0 19 8 17 
25 25 25 8 0 16 8 17 4 
11 11 11 16 3 8 7 19 8 
11 11 11 3 8 0 19 8 17 
11 11 11 8 0 16 8 17 4 
6 19 10 18 2 10 13 13 13 
19 10 17 2 10 1 13 13 13 
10 17 5 10 1 18 13 13 13 
13 13 13 16 3 8 7 19 8 
13 13 13 3 8 0 19 8 17 
13 13 13 8 0 16 8 17 4 
6 19 26 18 2 26 11 11 26 
26 17 5 26 1 18 26 9 9 
18 2 26 11 11 26 16 3 26 
26 1 18 26 9 9 26 0 16 
11 11 26 16 3 26 7 19 26 
26 9 9 26 0 16 26 17 4 
