0 16 3 8 0 17 4 31 16 21 1 22 2 8 1 9 17 9 4 27 0 28 3 14 0 
16 3 8 0 16 4 31 16 21 7 22 2 8 1 30 17 9 4 27 31 28 3 14 0 20 
3 8 0 16 3 31 16 21 7 19 2 8 1 30 2 9 4 27 31 27 3 14 0 20 3 
8 0 16 3 8 16 21 7 19 8 8 1 30 2 8 4 27 31 27 16 14 0 20 3 8 
0 16 3 8 0 21 7 19 8 17 1 30 2 8 1 27 31 27 16 13 0 20 3 8 0 
16 3 8 0 16 7 19 8 17 4 30 2 8 1 22 31 27 16 13 21 20 3 8 0 28 
3 8 0 16 3 19 8 17 4 31 2 8 1 22 2 27 16 13 21 13 3 8 0 28 3 
8 0 16 3 8 8 17 4 31 16 8 1 22 2 8 16 13 21 13 7 8 0 28 3 26 
0 16 3 8 0 17 4 31 16 21 1 22 2 8 1 13 21 13 7 11 0 28 3 26 0 
16 3 8 0 16 4 31 16 21 7 22 2 8 1 30 21 13 7 11 19 28 3 26 0 20 
3 8 0 16 3 31 16 21 7 19 2 8 1 30 2 13 7 11 19 11 3 26 0 20 3 
17 4 31 16 21 1 22 2 8 1 9 17 9 4 27 0 28 3 14 0 17 5 23 22 29 
4 31 16 21 7 22 2 8 1 30 17 9 4 27 31 28 3 14 0 20 5 23 22 29 6 
31 16 21 7 19 2 8 1 30 2 9 4 27 31 27 3 14 0 20 3 23 22 29 6 19 
16 21 7 19 8 8 1 30 2 8 4 27 31 27 16 14 0 20 3 8 22 29 6 19 8 
21 7 19 8 17 1 30 2 8 1 27 31 27 16 13 0 20 3 8 0 29 6 19 8 17 
7 19 8 17 4 30 2 8 1 22 31 27 16 13 21 20 3 8 0 28 6 19 8 17 5 
19 8 17 4 31 2 8 1 22 2 27 16 13 21 13 3 8 0 28 3 19 8 17 5 23 
8 17 4 31 16 8 1 22 2 8 16 13 21 13 7 8 0 28 3 26 8 17 5 23 30 
17 4 31 16 21 1 22 2 8 1 13 21 13 7 11 0 28 3 26 0 17 5 23 30 29 
4 31 16 21 7 22 2 8 1 30 21 13 7 11 19 28 3 26 0 20 5 23 30 29 6 
31 16 21 7 19 2 8 1 30 2 13 7 11 19 11 3 26 0 20 3 23 30 29 6 19 
1 22 2 8 1 9 17 9 4 27 0 28 3 14 0 17 5 23 22 29 1 18 2 14 1 
22 2 8 1 30 17 9 4 27 31 28 3 14 0 20 5 23 22 29 6 18 2 14 1 18 
2 8 1 30 2 9 4 27 31 27 3 14 0 20 3 23 22 29 6 19 2 14 1 18 2 
8 1 30 2 8 4 27 31 27 16 14 0 20 3 8 22 29 6 19 8 14 1 18 2 8 
1 30 2 8 1 27 31 27 16 13 0 20 3 8 0 29 6 19 8 17 1 18 2 8 1 
30 2 8 1 22 31 27 16 13 21 20 3 8 0 28 6 19 8 17 5 18 2 8 1 18 
2 8 1 22 2 27 16 13 21 13 3 8 0 28 3 19 8 17 5 23 2 8 1 18 2 
8 1 22 2 8 16 13 21 13 7 8 0 28 3 26 8 17 5 23 30 8 1 18 2 26 
1 22 2 8 1 13 21 13 7 11 0 28 3 26 0 17 5 23 30 29 1 18 2 26 1 
22 2 8 1 30 21 13 7 11 19 28 3 26 0 20 5 23 30 29 6 18 2 26 1 18 
2 8 1 30 2 13 7 11 19 11 3 26 0 20 3 23 30 29 6 19 2 26 1 18 2 
9 17 9 4 27 0 28 3 14 0 17 5 23 22 29 1 18 2 14 1 9 9 9 17 9 
17 9 4 27 31 28 3 14 0 20 5 23 22 29 6 18 2 14 1 18 9 9 17 9 9 
9 4 27 31 27 3 14 0 20 3 23 22 29 6 19 2 14 1 18 2 9 17 9 9 9 
4 27 31 27 16 14 0 20 3 8 22 29 6 19 8 14 1 18 2 8 17 9 9 9 4 
27 31 27 16 13 0 20 3 8 0 29 6 19 8 17 1 18 2 8 1 9 9 9 4 27 
31 27 16 13 21 20 3 8 0 28 6 19 8 17 5 18 2 8 1 18 9 9 4 27 27 
27 16 13 21 13 3 8 0 28 3 19 8 17 5 23 2 8 1 18 2 9 4 27 27 27 
16 13 21 13 7 8 0 28 3 26 8 17 5 23 30 8 1 18 2 26 4 27 27 27 31 
13 21 13 7 11 0 28 3 26 0 17 5 23 30 29 1 18 2 26 1 27 27 27 31 27 
21 13 7 11 19 28 3 26 0 20 5 23 30 29 6 18 2 26 1 18 27 27 31 27 27 
13 7 11 19 11 3 26 0 20 3 23 30 29 6 19 2 26 1 18 2 27 31 27 27 27 
0 28 3 14 0 17 5 23 22 29 1 18 2 14 1 9 9 9 17 9 0 16 3 24 0 
28 3 14 0 20 5 23 22 29 6 18 2 14 1 18 9 9 17 9 9 16 3 24 0 16 
3 14 0 20 3 23 22 29 6 19 2 14 1 18 2 9 17 9 9 9 3 24 0 16 3 
14 0 20 3 8 22 29 6 19 8 14 1 18 2 8 17 9 9 9 4 24 0 16 3 14 
0 20 3 8 0 29 6 19 8 17 1 18 2 8 1 9 9 9 4 27 0 16 3 14 0 
20 3 8 0 28 6 19 8 17 5 18 2 8 1 18 9 9 4 27 27 16 3 14 0 16 
3 8 0 28 3 19 8 17 5 23 2 8 1 18 2 9 4 27 27 27 3 14 0 16 3 
8 0 28 3 26 8 17 5 23 30 8 1 18 2 26 4 27 27 27 31 14 0 16 3 12 
0 28 3 26 0 17 5 23 30 29 1 18 2 26 1 27 27 27 31 27 0 16 3 12 0 
28 3 26 0 20 5 23 30 29 6 18 2 26 1 18 27 27 31 27 27 16 3 12 0 16 
3 26 0 20 3 23 30 29 6 19 2 26 1 18 2 27 31 27 27 27 3 12 0 16 3 
17 5 23 22 29 1 18 2 14 1 9 9 9 17 9 0 16 3 24 0 17 4 31 28 21 
5 23 22 29 6 18 2 14 1 18 9 9 17 9 9 16 3 24 0 16 4 31 28 21 7 
23 22 29 6 19 2 14 1 18 2 9 17 9 9 9 3 24 0 16 3 31 28 21 7 19 
22 29 6 19 8 14 1 18 2 8 17 9 9 9 4 24 0 16 3 14 28 21 7 19 14 
29 6 19 8 17 1 18 2 8 1 9 9 9 4 27 0 16 3 14 0 21 7 19 14 17 
6 19 8 17 5 18 2 8 1 18 9 9 4 27 27 16 3 14 0 16 7 19 14 17 4 
19 8 17 5 23 2 8 1 18 2 9 4 27 27 27 3 14 0 16 3 19 14 17 4 31 
8 17 5 23 30 8 1 18 2 26 4 27 27 27 31 14 0 16 3 12 14 17 4 31 20 
17 5 23 30 29 1 18 2 26 1 27 27 27 31 27 0 16 3 12 0 17 4 31 20 21 
5 23 30 29 6 18 2 26 1 18 27 27 31 27 27 16 3 12 0 16 4 31 20 21 7 
23 30 29 6 19 2 26 1 18 2 27 31 27 27 27 3 12 0 16 3 31 20 21 7 19 
1 18 2 14 1 9 9 9 17 9 0 16 3 24 0 17 4 31 28 21 1 22 2 24 1 
18 2 14 1 18 9 9 17 9 9 16 3 24 0 16 4 31 28 21 7 22 2 24 1 30 
2 14 1 18 2 9 17 9 9 9 3 24 0 16 3 31 28 21 7 19 2 24 1 30 2 
14 1 18 2 8 17 9 9 9 4 24 0 16 3 14 28 21 7 19 14 24 1 30 2 14 
1 18 2 8 1 9 9 9 4 27 0 16 3 14 0 21 7 19 14 17 1 30 2 14 1 
18 2 8 1 18 9 9 4 27 27 16 3 14 0 16 7 19 14 17 4 30 2 14 1 22 
2 8 1 18 2 9 4 27 27 27 3 14 0 16 3 19 14 17 4 31 2 14 1 22 2 
8 1 18 2 26 4 27 27 27 31 14 0 16 3 12 14 17 4 31 20 14 1 22 2 12 
1 18 2 26 1 27 27 27 31 27 0 16 3 12 0 17 4 31 20 21 1 22 2 12 1 
18 2 26 1 18 27 27 31 27 27 16 3 12 0 16 4 31 20 21 7 22 2 12 1 30 
2 26 1 18 2 27 31 27 27 27 3 12 0 16 3 31 20 21 7 19 2 12 1 30 2 
9 9 9 17 9 0 16 3 24 0 17 4 31 28 21 1 22 2 24 1 9 17 9 5 15 
9 9 17 9 9 16 3 24 0 16 4 31 28 21 7 22 2 24 1 30 17 9 5 15 23 
9 17 9 9 9 3 24 0 16 3 31 28 21 7 19 2 24 1 30 2 9 5 15 23 15 
17 9 9 9 4 24 0 16 3 14 28 21 7 19 14 24 1 30 2 14 5 15 23 15 22 
9 9 9 4 27 0 16 3 14 0 21 7 19 14 17 1 30 2 14 1 15 23 15 22 25 
9 9 4 27 27 16 3 14 0 16 7 19 14 17 4 30 2 14 1 22 23 15 22 25 29 
9 4 27 27 27 3 14 0 16 3 19 14 17 4 31 2 14 1 22 2 15 22 25 29 25 
4 27 27 27 31 14 0 16 3 12 14 17 4 31 20 14 1 22 2 12 22 25 29 25 6 
27 27 27 31 27 0 16 3 12 0 17 4 31 20 21 1 22 2 12 1 25 29 25 6 11 
27 27 31 27 27 16 3 12 0 16 4 31 20 21 7 22 2 12 1 30 29 25 6 11 19 
27 31 27 27 27 3 12 0 16 3 31 20 21 7 19 2 12 1 30 2 25 6 11 19 11 
0 16 3 24 0 17 4 31 28 21 1 22 2 24 1 9 17 9 5 15 0 28 3 10 0 
16 3 24 0 16 4 31 28 21 7 22 2 24 1 30 17 9 5 15 23 28 3 10 0 20 
3 24 0 16 3 31 28 21 7 19 2 24 1 30 2 9 5 15 23 15 3 10 0 20 3 
24 0 16 3 14 28 21 7 19 14 24 1 30 2 14 5 15 23 15 22 10 0 20 3 14 
0 16 3 14 0 21 7 19 14 17 1 30 2 14 1 15 23 15 22 25 0 20 3 14 0 
16 3 14 0 16 7 19 14 17 4 30 2 14 1 22 23 15 22 25 29 20 3 14 0 28 
3 14 0 16 3 19 14 17 4 31 2 14 1 22 2 15 22 25 29 25 3 14 0 28 3 
14 0 16 3 12 14 17 4 31 20 14 1 22 2 12 22 25 29 25 6 14 0 28 3 10 
0 16 3 12 0 17 4 31 20 21 1 22 2 12 1 25 29 25 6 11 0 28 3 10 0 
16 3 12 0 16 4 31 20 21 7 22 2 12 1 30 29 25 6 11 19 28 3 10 0 20 
3 12 0 16 3 31 20 21 7 19 2 12 1 30 2 25 6 11 19 11 3 10 0 20 3 
17 4 31 28 21 1 22 2 24 1 9 17 9 5 15 0 28 3 10 0 17 5 23 18 29 
4 31 28 21 7 22 2 24 1 30 17 9 5 15 23 28 3 10 0 20 5 23 18 29 6 
31 28 21 7 19 2 24 1 30 2 9 5 15 23 15 3 10 0 20 3 23 18 29 6 19 
28 21 7 19 14 24 1 30 2 14 5 15 23 15 22 10 0 20 3 14 18 29 6 19 14 
21 7 19 14 17 1 30 2 14 1 15 23 15 22 25 0 20 3 14 0 29 6 19 14 17 
7 19 14 17 4 30 2 14 1 22 23 15 22 25 29 20 3 14 0 28 6 19 14 17 5 
19 14 17 4 31 2 14 1 22 2 15 22 25 29 25 3 14 0 28 3 19 14 17 5 23 
14 17 4 31 20 14 1 22 2 12 22 25 29 25 6 14 0 28 3 10 14 17 5 23 18 
17 4 31 20 21 1 22 2 12 1 25 29 25 6 11 0 28 3 10 0 17 5 23 18 29 
4 31 20 21 7 22 2 12 1 30 29 25 6 11 19 28 3 10 0 20 5 23 18 29 6 
31 20 21 7 19 2 12 1 30 2 25 6 11 19 11 3 10 0 20 3 23 18 29 6 19 
1 22 2 24 1 9 17 9 5 15 0 28 3 10 0 17 5 23 18 29 1 18 2 10 1 
22 2 24 1 30 17 9 5 15 23 28 3 10 0 20 5 23 18 29 6 18 2 10 1 18 
2 24 1 30 2 9 5 15 23 15 3 10 0 20 3 23 18 29 6 19 2 10 1 18 2 
24 1 30 2 14 5 15 23 15 22 10 0 20 3 14 18 29 6 19 14 10 1 18 2 14 
1 30 2 14 1 15 23 15 22 25 0 20 3 14 0 29 6 19 14 17 1 18 2 14 1 
30 2 14 1 22 23 15 22 25 29 20 3 14 0 28 6 19 14 17 5 18 2 14 1 18 
2 14 1 22 2 15 22 25 29 25 3 14 0 28 3 19 14 17 5 23 2 14 1 18 2 
14 1 22 2 12 22 25 29 25 6 14 0 28 3 10 14 17 5 23 18 14 1 18 2 10 
1 22 2 12 1 25 29 25 6 11 0 28 3 10 0 17 5 23 18 29 1 18 2 10 1 
22 2 12 1 30 29 25 6 11 19 28 3 10 0 20 5 23 18 29 6 18 2 10 1 18 
2 12 1 30 2 25 6 11 19 11 3 10 0 20 3 23 18 29 6 19 2 10 1 18 2 
8 0 16 3 24 16 21 7 19 24 8 1 30 2 24 4 27 31 27 28 14 0 20 3 24 
0 16 3 24 0 21 7 19 24 17 1 30 2 24 1 27 31 27 28 13 0 20 3 24 0 
16 3 24 0 16 7 19 24 17 4 30 2 24 1 22 31 27 28 13 21 20 3 24 0 28 
3 24 0 16 3 19 24 17 4 31 2 24 1 22 2 27 28 13 21 13 3 24 0 28 3 
24 0 16 3 8 24 17 4 31 16 24 1 22 2 8 28 13 21 13 7 24 0 28 3 26 
16 21 7 19 24 8 1 30 2 24 4 27 31 27 28 14 0 20 3 24 22 29 6 19 24 
21 7 19 24 17 1 30 2 24 1 27 31 27 28 13 0 20 3 24 0 29 6 19 24 17 
7 19 24 17 4 30 2 24 1 22 31 27 28 13 21 20 3 24 0 28 6 19 24 17 5 
19 24 17 4 31 2 24 1 22 2 27 28 13 21 13 3 24 0 28 3 19 24 17 5 23 
24 17 4 31 16 24 1 22 2 8 28 13 21 13 7 24 0 28 3 26 24 17 5 23 30 
8 1 30 2 24 4 27 31 27 28 14 0 20 3 24 22 29 6 19 24 14 1 18 2 24 
1 30 2 24 1 27 31 27 28 13 0 20 3 24 0 29 6 19 24 17 1 18 2 24 1 
30 2 24 1 22 31 27 28 13 21 20 3 24 0 28 6 19 24 17 5 18 2 24 1 18 
2 24 1 22 2 27 28 13 21 13 3 24 0 28 3 19 24 17 5 23 2 24 1 18 2 
24 1 22 2 8 28 13 21 13 7 24 0 28 3 26 24 17 5 23 30 24 1 18 2 26 
4 27 31 27 28 14 0 20 3 24 22 29 6 19 24 14 1 18 2 24 17 9 9 9 5 
27 31 27 28 13 0 20 3 24 0 29 6 19 24 17 1 18 2 24 1 9 9 9 5 15 
31 27 28 13 21 20 3 24 0 28 6 19 24 17 5 18 2 24 1 18 9 9 5 15 15 
27 28 13 21 13 3 24 0 28 3 19 24 17 5 23 2 24 1 18 2 9 5 15 15 15 
28 13 21 13 7 24 0 28 3 26 24 17 5 23 30 24 1 18 2 26 5 15 15 15 23 
13 21 13 7 11 0 28 3 26 0 17 5 23 30 29 1 18 2 26 1 15 15 15 23 15 
21 13 7 11 19 28 3 26 0 20 5 23 30 29 6 18 2 26 1 18 15 15 23 15 15 
13 7 11 19 11 3 26 0 20 3 23 30 29 6 19 2 26 1 18 2 15 23 15 15 15 
14 0 20 3 24 22 29 6 19 24 14 1 18 2 24 17 9 9 9 5 24 0 16 3 10 
0 20 3 24 0 29 6 19 24 17 1 18 2 24 1 9 9 9 5 15 0 16 3 10 0 
20 3 24 0 28 6 19 24 17 5 18 2 24 1 18 9 9 5 15 15 16 3 10 0 16 
3 24 0 28 3 19 24 17 5 23 2 24 1 18 2 9 5 15 15 15 3 10 0 16 3 
24 0 28 3 26 24 17 5 23 30 24 1 18 2 26 5 15 15 15 23 10 0 16 3 12 
0 28 3 26 0 17 5 23 30 29 1 18 2 26 1 15 15 15 23 15 0 16 3 12 0 
28 3 26 0 20 5 23 30 29 6 18 2 26 1 18 15 15 23 15 15 16 3 12 0 16 
3 26 0 20 3 23 30 29 6 19 2 26 1 18 2 15 23 15 15 15 3 12 0 16 3 
22 29 6 19 24 14 1 18 2 24 17 9 9 9 5 24 0 16 3 10 28 21 7 19 10 
29 6 19 24 17 1 18 2 24 1 9 9 9 5 15 0 16 3 10 0 21 7 19 10 17 
6 19 24 17 5 18 2 24 1 18 9 9 5 15 15 16 3 10 0 16 7 19 10 17 4 
19 24 17 5 23 2 24 1 18 2 9 5 15 15 15 3 10 0 16 3 19 10 17 4 31 
24 17 5 23 30 24 1 18 2 26 5 15 15 15 23 10 0 16 3 12 10 17 4 31 20 
17 5 23 30 29 1 18 2 26 1 15 15 15 23 15 0 16 3 12 0 17 4 31 20 21 
5 23 30 29 6 18 2 26 1 18 15 15 23 15 15 16 3 12 0 16 4 31 20 21 7 
23 30 29 6 19 2 26 1 18 2 15 23 15 15 15 3 12 0 16 3 31 20 21 7 19 
14 1 18 2 24 17 9 9 9 5 24 0 16 3 10 28 21 7 19 10 24 1 30 2 10 
1 18 2 24 1 9 9 9 5 15 0 16 3 10 0 21 7 19 10 17 1 30 2 10 1 
18 2 24 1 18 9 9 5 15 15 16 3 10 0 16 7 19 10 17 4 30 2 10 1 22 
2 24 1 18 2 9 5 15 15 15 3 10 0 16 3 19 10 17 4 31 2 10 1 22 2 
24 1 18 2 26 5 15 15 15 23 10 0 16 3 12 10 17 4 31 20 10 1 22 2 12 
1 18 2 26 1 15 15 15 23 15 0 16 3 12 0 17 4 31 20 21 1 22 2 12 1 
18 2 26 1 18 15 15 23 15 15 16 3 12 0 16 4 31 20 21 7 22 2 12 1 30 
2 26 1 18 2 15 23 15 15 15 3 12 0 16 3 31 20 21 7 19 2 12 1 30 2 
17 9 9 9 5 24 0 16 3 10 28 21 7 19 10 24 1 30 2 10 5 15 23 15 18 
9 9 9 5 15 0 16 3 10 0 21 7 19 10 17 1 30 2 10 1 15 23 15 18 25 
9 9 5 15 15 16 3 10 0 16 7 19 10 17 4 30 2 10 1 22 23 15 18 25 29 
9 5 15 15 15 3 10 0 16 3 19 10 17 4 31 2 10 1 22 2 15 18 25 29 25 
5 15 15 15 23 10 0 16 3 12 10 17 4 31 20 10 1 22 2 12 18 25 29 25 6 
15 15 15 23 15 0 16 3 12 0 17 4 31 20 21 1 22 2 12 1 25 29 25 6 11 
15 15 23 15 15 16 3 12 0 16 4 31 20 21 7 22 2 12 1 30 29 25 6 11 19 
15 23 15 15 15 3 12 0 16 3 31 20 21 7 19 2 12 1 30 2 25 6 11 19 11 
24 0 16 3 10 28 21 7 19 10 24 1 30 2 10 5 15 23 15 18 10 0 20 3 10 
0 16 3 10 0 21 7 19 10 17 1 30 2 10 1 15 23 15 18 25 0 20 3 10 0 
16 3 10 0 16 7 19 10 17 4 30 2 10 1 22 23 15 18 25 29 20 3 10 0 28 
3 10 0 16 3 19 10 17 4 31 2 10 1 22 2 15 18 25 29 25 3 10 0 28 3 
10 0 16 3 12 10 17 4 31 20 10 1 22 2 12 18 25 29 25 6 10 0 28 3 10 
28 21 7 19 10 24 1 30 2 10 5 15 23 15 18 10 0 20 3 10 18 29 6 19 10 
21 7 19 10 17 1 30 2 10 1 15 23 15 18 25 0 20 3 10 0 29 6 19 10 17 
7 19 10 17 4 30 2 10 1 22 23 15 18 25 29 20 3 10 0 28 6 19 10 17 5 
19 10 17 4 31 2 10 1 22 2 15 18 25 29 25 3 10 0 28 3 19 10 17 5 23 
10 17 4 31 20 10 1 22 2 12 18 25 29 25 6 10 0 28 3 10 10 17 5 23 18 
24 1 30 2 10 5 15 23 15 18 10 0 20 3 10 18 29 6 19 10 10 1 18 2 10 
1 30 2 10 1 15 23 15 18 25 0 20 3 10 0 29 6 19 10 17 1 18 2 10 1 
30 2 10 1 22 23 15 18 25 29 20 3 10 0 28 6 19 10 17 5 18 2 10 1 18 
2 10 1 22 2 15 18 25 29 25 3 10 0 28 3 19 10 17 5 23 2 10 1 18 2 
10 1 22 2 12 18 25 29 25 6 10 0 28 3 10 10 17 5 23 18 10 1 18 2 10 
8 0 16 3 12 16 21 7 19 12 8 1 30 2 12 4 27 31 27 20 14 0 20 3 12 
0 16 3 12 0 21 7 19 12 17 1 30 2 12 1 27 31 27 20 13 0 20 3 12 0 
16 3 12 0 16 7 19 12 17 4 30 2 12 1 22 31 27 20 13 21 20 3 12 0 28 
3 12 0 16 3 19 12 17 4 31 2 12 1 22 2 27 20 13 21 13 3 12 0 28 3 
12 0 16 3 8 12 17 4 31 16 12 1 22 2 8 20 13 21 13 7 12 0 28 3 26 
16 21 7 19 12 8 1 30 2 12 4 27 31 27 20 14 0 20 3 12 22 29 6 19 12 
21 7 19 12 17 1 30 2 12 1 27 31 27 20 13 0 20 3 12 0 29 6 19 12 17 
7 19 12 17 4 30 2 12 1 22 31 27 20 13 21 20 3 12 0 28 6 19 12 17 5 
19 12 17 4 31 2 12 1 22 2 27 20 13 21 13 3 12 0 28 3 19 12 17 5 23 
12 17 4 31 16 12 1 22 2 8 20 13 21 13 7 12 0 28 3 26 12 17 5 23 30 
8 1 30 2 12 4 27 31 27 20 14 0 20 3 12 22 29 6 19 12 14 1 18 2 12 
1 30 2 12 1 27 31 27 20 13 0 20 3 12 0 29 6 19 12 17 1 18 2 12 1 
30 2 12 1 22 31 27 20 13 21 20 3 12 0 28 6 19 12 17 5 18 2 12 1 18 
2 12 1 22 2 27 20 13 21 13 3 12 0 28 3 19 12 17 5 23 2 12 1 18 2 
12 1 22 2 8 20 13 21 13 7 12 0 28 3 26 12 17 5 23 30 12 1 18 2 26 
9 17 9 4 27 0 28 3 14 0 17 5 23 22 29 1 18 2 14 1 25 25 25 29 25 
17 9 4 27 31 28 3 14 0 20 5 23 22 29 6 18 2 14 1 18 25 25 29 25 25 
9 4 27 31 27 3 14 0 20 3 23 22 29 6 19 2 14 1 18 2 25 29 25 25 25 
4 27 31 27 20 14 0 20 3 12 22 29 6 19 12 14 1 18 2 12 29 25 25 25 6 
27 31 27 20 13 0 20 3 12 0 29 6 19 12 17 1 18 2 12 1 25 25 25 6 11 
31 27 20 13 21 20 3 12 0 28 6 19 12 17 5 18 2 12 1 18 25 25 6 11 11 
27 20 13 21 13 3 12 0 28 3 19 12 17 5 23 2 12 1 18 2 25 6 11 11 11 
20 13 21 13 7 12 0 28 3 26 12 17 5 23 30 12 1 18 2 26 6 11 11 11 19 
13 21 13 7 11 0 28 3 26 0 17 5 23 30 29 1 18 2 26 1 11 11 11 19 11 
21 13 7 11 19 28 3 26 0 20 5 23 30 29 6 18 2 26 1 18 11 11 19 11 11 
13 7 11 19 11 3 26 0 20 3 23 30 29 6 19 2 26 1 18 2 11 19 11 11 11 
0 28 3 14 0 17 5 23 22 29 1 18 2 14 1 25 25 25 29 25 0 16 3 24 0 
28 3 14 0 20 5 23 22 29 6 18 2 14 1 18 25 25 29 25 25 16 3 24 0 16 
3 14 0 20 3 23 22 29 6 19 2 14 1 18 2 25 29 25 25 25 3 24 0 16 3 
14 0 20 3 12 22 29 6 19 12 14 1 18 2 12 29 25 25 25 6 24 0 16 3 10 
0 20 3 12 0 29 6 19 12 17 1 18 2 12 1 25 25 25 6 11 0 16 3 10 0 
20 3 12 0 28 6 19 12 17 5 18 2 12 1 18 25 25 6 11 11 16 3 10 0 16 
3 12 0 28 3 19 12 17 5 23 2 12 1 18 2 25 6 11 11 11 3 10 0 16 3 
12 0 28 3 26 12 17 5 23 30 12 1 18 2 26 6 11 11 11 19 10 0 16 3 12 
0 28 3 26 0 17 5 23 30 29 1 18 2 26 1 11 11 11 19 11 0 16 3 12 0 
28 3 26 0 20 5 23 30 29 6 18 2 26 1 18 11 11 19 11 11 16 3 12 0 16 
3 26 0 20 3 23 30 29 6 19 2 26 1 18 2 11 19 11 11 11 3 12 0 16 3 
17 5 23 22 29 1 18 2 14 1 25 25 25 29 25 0 16 3 24 0 17 4 31 28 21 
5 23 22 29 6 18 2 14 1 18 25 25 29 25 25 16 3 24 0 16 4 31 28 21 7 
23 22 29 6 19 2 14 1 18 2 25 29 25 25 25 3 24 0 16 3 31 28 21 7 19 
22 29 6 19 12 14 1 18 2 12 29 25 25 25 6 24 0 16 3 10 28 21 7 19 10 
29 6 19 12 17 1 18 2 12 1 25 25 25 6 11 0 16 3 10 0 21 7 19 10 17 
6 19 12 17 5 18 2 12 1 18 25 25 6 11 11 16 3 10 0 16 7 19 10 17 4 
19 12 17 5 23 2 12 1 18 2 25 6 11 11 11 3 10 0 16 3 19 10 17 4 31 
12 17 5 23 30 12 1 18 2 26 6 11 11 11 19 10 0 16 3 12 10 17 4 31 20 
17 5 23 30 29 1 18 2 26 1 11 11 11 19 11 0 16 3 12 0 17 4 31 20 21 
5 23 30 29 6 18 2 26 1 18 11 11 19 11 11 16 3 12 0 16 4 31 20 21 7 
23 30 29 6 19 2 26 1 18 2 11 19 11 11 11 3 12 0 16 3 31 20 21 7 19 
1 18 2 14 1 25 25 25 29 25 0 16 3 24 0 17 4 31 28 21 1 22 2 24 1 
18 2 14 1 18 25 25 29 25 25 16 3 24 0 16 4 31 28 21 7 22 2 24 1 30 
2 14 1 18 2 25 29 25 25 25 3 24 0 16 3 31 28 21 7 19 2 24 1 30 2 
14 1 18 2 12 29 25 25 25 6 24 0 16 3 10 28 21 7 19 10 24 1 30 2 10 
1 18 2 12 1 25 25 25 6 11 0 16 3 10 0 21 7 19 10 17 1 30 2 10 1 
18 2 12 1 18 25 25 6 11 11 16 3 10 0 16 7 19 10 17 4 30 2 10 1 22 
2 12 1 18 2 25 6 11 11 11 3 10 0 16 3 19 10 17 4 31 2 10 1 22 2 
12 1 18 2 26 6 11 11 11 19 10 0 16 3 12 10 17 4 31 20 10 1 22 2 12 
1 18 2 26 1 11 11 11 19 11 0 16 3 12 0 17 4 31 20 21 1 22 2 12 1 
18 2 26 1 18 11 11 19 11 11 16 3 12 0 16 4 31 20 21 7 22 2 12 1 30 
2 26 1 18 2 11 19 11 11 11 3 12 0 16 3 31 20 21 7 19 2 12 1 30 2 
25 25 25 29 25 0 16 3 24 0 17 4 31 28 21 1 22 2 24 1 9 17 9 5 15 
25 25 29 25 25 16 3 24 0 16 4 31 28 21 7 22 2 24 1 30 17 9 5 15 23 
25 29 25 25 25 3 24 0 16 3 31 28 21 7 19 2 24 1 30 2 9 5 15 23 15 
29 25 25 25 6 24 0 16 3 10 28 21 7 19 10 24 1 30 2 10 5 15 23 15 18 
25 25 25 6 11 0 16 3 10 0 21 7 19 10 17 1 30 2 10 1 15 23 15 18 25 
25 25 6 11 11 16 3 10 0 16 7 19 10 17 4 30 2 10 1 22 23 15 18 25 29 
25 6 11 11 11 3 10 0 16 3 19 10 17 4 31 2 10 1 22 2 15 18 25 29 25 
6 11 11 11 19 10 0 16 3 12 10 17 4 31 20 10 1 22 2 12 18 25 29 25 6 
11 11 11 19 11 0 16 3 12 0 17 4 31 20 21 1 22 2 12 1 25 29 25 6 11 
11 11 19 11 11 16 3 12 0 16 4 31 20 21 7 22 2 12 1 30 29 25 6 11 19 
11 19 11 11 11 3 12 0 16 3 31 20 21 7 19 2 12 1 30 2 25 6 11 19 11 
9 17 9 4 27 0 28 3 14 0 17 5 23 22 29 1 18 2 14 1 13 13 13 21 13 
17 9 4 27 31 28 3 14 0 20 5 23 22 29 6 18 2 14 1 18 13 13 21 13 13 
9 4 27 31 27 3 14 0 20 3 23 22 29 6 19 2 14 1 18 2 13 21 13 13 13 
4 27 31 27 16 14 0 20 3 8 22 29 6 19 8 14 1 18 2 8 21 13 13 13 7 
27 31 27 16 13 0 20 3 8 0 29 6 19 8 17 1 18 2 8 1 13 13 13 7 11 
31 27 16 13 21 20 3 8 0 28 6 19 8 17 5 18 2 8 1 18 13 13 7 11 11 
27 16 13 21 13 3 8 0 28 3 19 8 17 5 23 2 8 1 18 2 13 7 11 11 11 
16 13 21 13 7 8 0 28 3 26 8 17 5 23 30 8 1 18 2 26 7 11 11 11 19 
0 28 3 14 0 17 5 23 22 29 1 18 2 14 1 13 13 13 21 13 0 16 3 24 0 
28 3 14 0 20 5 23 22 29 6 18 2 14 1 18 13 13 21 13 13 16 3 24 0 16 
3 14 0 20 3 23 22 29 6 19 2 14 1 18 2 13 21 13 13 13 3 24 0 16 3 
14 0 20 3 8 22 29 6 19 8 14 1 18 2 8 21 13 13 13 7 24 0 16 3 26 
0 20 3 8 0 29 6 19 8 17 1 18 2 8 1 13 13 13 7 11 0 16 3 26 0 
20 3 8 0 28 6 19 8 17 5 18 2 8 1 18 13 13 7 11 11 16 3 26 0 16 
3 8 0 28 3 19 8 17 5 23 2 8 1 18 2 13 7 11 11 11 3 26 0 16 3 
8 0 28 3 26 8 17 5 23 30 8 1 18 2 26 7 11 11 11 19 26 0 16 3 12 
17 5 23 22 29 1 18 2 14 1 13 13 13 21 13 0 16 3 24 0 17 4 31 28 21 
5 23 22 29 6 18 2 14 1 18 13 13 21 13 13 16 3 24 0 16 4 31 28 21 7 
23 22 29 6 19 2 14 1 18 2 13 21 13 13 13 3 24 0 16 3 31 28 21 7 19 
22 29 6 19 8 14 1 18 2 8 21 13 13 13 7 24 0 16 3 26 28 21 7 19 26 
29 6 19 8 17 1 18 2 8 1 13 13 13 7 11 0 16 3 26 0 21 7 19 26 17 
6 19 8 17 5 18 2 8 1 18 13 13 7 11 11 16 3 26 0 16 7 19 26 17 4 
19 8 17 5 23 2 8 1 18 2 13 7 11 11 11 3 26 0 16 3 19 26 17 4 31 
8 17 5 23 30 8 1 18 2 26 7 11 11 11 19 26 0 16 3 12 26 17 4 31 20 
1 18 2 14 1 13 13 13 21 13 0 16 3 24 0 17 4 31 28 21 1 22 2 24 1 
18 2 14 1 18 13 13 21 13 13 16 3 24 0 16 4 31 28 21 7 22 2 24 1 30 
2 14 1 18 2 13 21 13 13 13 3 24 0 16 3 31 28 21 7 19 2 24 1 30 2 
14 1 18 2 8 21 13 13 13 7 24 0 16 3 26 28 21 7 19 26 24 1 30 2 26 
1 18 2 8 1 13 13 13 7 11 0 16 3 26 0 21 7 19 26 17 1 30 2 26 1 
18 2 8 1 18 13 13 7 11 11 16 3 26 0 16 7 19 26 17 4 30 2 26 1 22 
2 8 1 18 2 13 7 11 11 11 3 26 0 16 3 19 26 17 4 31 2 26 1 22 2 
8 1 18 2 26 7 11 11 11 19 26 0 16 3 12 26 17 4 31 20 26 1 22 2 12 
13 13 13 21 13 0 16 3 24 0 17 4 31 28 21 1 22 2 24 1 9 17 9 5 15 
13 13 21 13 13 16 3 24 0 16 4 31 28 21 7 22 2 24 1 30 17 9 5 15 23 
13 21 13 13 13 3 24 0 16 3 31 28 21 7 19 2 24 1 30 2 9 5 15 23 15 
21 13 13 13 7 24 0 16 3 26 28 21 7 19 26 24 1 30 2 26 5 15 23 15 30 
13 13 13 7 11 0 16 3 26 0 21 7 19 26 17 1 30 2 26 1 15 23 15 30 25 
13 13 7 11 11 16 3 26 0 16 7 19 26 17 4 30 2 26 1 22 23 15 30 25 29 
13 7 11 11 11 3 26 0 16 3 19 26 17 4 31 2 26 1 22 2 15 30 25 29 25 
7 11 11 11 19 26 0 16 3 12 26 17 4 31 20 26 1 22 2 12 30 25 29 25 6 
24 0 16 3 26 28 21 7 19 26 24 1 30 2 26 5 15 23 15 30 10 0 20 3 26 
0 16 3 26 0 21 7 19 26 17 1 30 2 26 1 15 23 15 30 25 0 20 3 26 0 
16 3 26 0 16 7 19 26 17 4 30 2 26 1 22 23 15 30 25 29 20 3 26 0 28 
3 26 0 16 3 19 26 17 4 31 2 26 1 22 2 15 30 25 29 25 3 26 0 28 3 
26 0 16 3 12 26 17 4 31 20 26 1 22 2 12 30 25 29 25 6 26 0 28 3 10 
28 21 7 19 26 24 1 30 2 26 5 15 23 15 30 10 0 20 3 26 18 29 6 19 26 
21 7 19 26 17 1 30 2 26 1 15 23 15 30 25 0 20 3 26 0 29 6 19 26 17 
7 19 26 17 4 30 2 26 1 22 23 15 30 25 29 20 3 26 0 28 6 19 26 17 5 
19 26 17 4 31 2 26 1 22 2 15 30 25 29 25 3 26 0 28 3 19 26 17 5 23 
26 17 4 31 20 26 1 22 2 12 30 25 29 25 6 26 0 28 3 10 26 17 5 23 18 
24 1 30 2 26 5 15 23 15 30 10 0 20 3 26 18 29 6 19 26 10 1 18 2 26 
1 30 2 26 1 15 23 15 30 25 0 20 3 26 0 29 6 19 26 17 1 18 2 26 1 
30 2 26 1 22 23 15 30 25 29 20 3 26 0 28 6 19 26 17 5 18 2 26 1 18 
2 26 1 22 2 15 30 25 29 25 3 26 0 28 3 19 26 17 5 23 2 26 1 18 2 
26 1 22 2 12 30 25 29 25 6 26 0 28 3 10 26 17 5 23 18 26 1 18 2 10 
8 0 16 3 8 16 21 7 19 8 8 1 30 2 8 7 11 19 11 8 26 0 20 3 8 
0 16 3 8 0 21 7 19 8 17 1 30 2 8 1 11 19 11 8 9 0 20 3 8 0 
16 3 8 0 16 7 19 8 17 4 30 2 8 1 22 19 11 8 9 17 20 3 8 0 28 
3 8 0 16 3 19 8 17 4 31 2 8 1 22 2 11 8 9 17 9 3 8 0 28 3 
8 0 16 3 8 8 17 4 31 16 8 1 22 2 8 8 9 17 9 4 8 0 28 3 14 
16 21 7 19 8 8 1 30 2 8 7 11 19 11 8 26 0 20 3 8 30 29 6 19 8 
21 7 19 8 17 1 30 2 8 1 11 19 11 8 9 0 20 3 8 0 29 6 19 8 17 
7 19 8 17 4 30 2 8 1 22 19 11 8 9 17 20 3 8 0 28 6 19 8 17 5 
19 8 17 4 31 2 8 1 22 2 11 8 9 17 9 3 8 0 28 3 19 8 17 5 23 
8 17 4 31 16 8 1 22 2 8 8 9 17 9 4 8 0 28 3 14 8 17 5 23 22 
8 1 30 2 8 7 11 19 11 8 26 0 20 3 8 30 29 6 19 8 26 1 18 2 8 
1 30 2 8 1 11 19 11 8 9 0 20 3 8 0 29 6 19 8 17 1 18 2 8 1 
30 2 8 1 22 19 11 8 9 17 20 3 8 0 28 6 19 8 17 5 18 2 8 1 18 
2 8 1 22 2 11 8 9 17 9 3 8 0 28 3 19 8 17 5 23 2 8 1 18 2 
8 1 22 2 8 8 9 17 9 4 8 0 28 3 14 8 17 5 23 22 8 1 18 2 14 
7 11 19 11 8 26 0 20 3 8 30 29 6 19 8 26 1 18 2 8 31 27 27 27 16 
11 19 11 8 9 0 20 3 8 0 29 6 19 8 17 1 18 2 8 1 27 27 27 16 13 
19 11 8 9 17 20 3 8 0 28 6 19 8 17 5 18 2 8 1 18 27 27 16 13 13 
11 8 9 17 9 3 8 0 28 3 19 8 17 5 23 2 8 1 18 2 27 16 13 13 13 
8 9 17 9 4 8 0 28 3 14 8 17 5 23 22 8 1 18 2 14 16 13 13 13 21 
26 0 20 3 8 30 29 6 19 8 26 1 18 2 8 31 27 27 27 16 12 0 16 3 8 
0 20 3 8 0 29 6 19 8 17 1 18 2 8 1 27 27 27 16 13 0 16 3 8 0 
20 3 8 0 28 6 19 8 17 5 18 2 8 1 18 27 27 16 13 13 16 3 8 0 16 
3 8 0 28 3 19 8 17 5 23 2 8 1 18 2 27 16 13 13 13 3 8 0 16 3 
8 0 28 3 14 8 17 5 23 22 8 1 18 2 14 16 13 13 13 21 8 0 16 3 24 
30 29 6 19 8 26 1 18 2 8 31 27 27 27 16 12 0 16 3 8 20 21 7 19 8 
29 6 19 8 17 1 18 2 8 1 27 27 27 16 13 0 16 3 8 0 21 7 19 8 17 
6 19 8 17 5 18 2 8 1 18 27 27 16 13 13 16 3 8 0 16 7 19 8 17 4 
19 8 17 5 23 2 8 1 18 2 27 16 13 13 13 3 8 0 16 3 19 8 17 4 31 
8 17 5 23 22 8 1 18 2 14 16 13 13 13 21 8 0 16 3 24 8 17 4 31 28 
26 1 18 2 8 31 27 27 27 16 12 0 16 3 8 20 21 7 19 8 12 1 30 2 8 
1 18 2 8 1 27 27 27 16 13 0 16 3 8 0 21 7 19 8 17 1 30 2 8 1 
18 2 8 1 18 27 27 16 13 13 16 3 8 0 16 7 19 8 17 4 30 2 8 1 22 
2 8 1 18 2 27 16 13 13 13 3 8 0 16 3 19 8 17 4 31 2 8 1 22 2 
8 1 18 2 14 16 13 13 13 21 8 0 16 3 24 8 17 4 31 28 8 1 22 2 24 
31 27 27 27 16 12 0 16 3 8 20 21 7 19 8 12 1 30 2 8 6 11 19 11 8 
27 27 27 16 13 0 16 3 8 0 21 7 19 8 17 1 30 2 8 1 11 19 11 8 9 
27 27 16 13 13 16 3 8 0 16 7 19 8 17 4 30 2 8 1 22 19 11 8 9 17 
27 16 13 13 13 3 8 0 16 3 19 8 17 4 31 2 8 1 22 2 11 8 9 17 9 
16 13 13 13 21 8 0 16 3 24 8 17 4 31 28 8 1 22 2 24 8 9 17 9 5 
12 0 16 3 8 20 21 7 19 8 12 1 30 2 8 6 11 19 11 8 10 0 20 3 8 
8 0 16 3 24 8 17 4 31 28 8 1 22 2 24 8 9 17 9 5 8 0 28 3 10 
20 21 7 19 8 12 1 30 2 8 6 11 19 11 8 10 0 20 3 8 18 29 6 19 8 
8 17 4 31 28 8 1 22 2 24 8 9 17 9 5 8 0 28 3 10 8 17 5 23 18 
12 1 30 2 8 6 11 19 11 8 10 0 20 3 8 18 29 6 19 8 10 1 18 2 8 
8 1 22 2 24 8 9 17 9 5 8 0 28 3 10 8 17 5 23 18 8 1 18 2 10 
9 17 9 5 15 0 28 3 10 0 17 5 23 18 29 1 18 2 10 1 9 9 9 9 9 
17 9 5 15 23 28 3 10 0 20 5 23 18 29 6 18 2 10 1 18 9 9 9 9 9 
9 5 15 23 15 3 10 0 20 3 23 18 29 6 19 2 10 1 18 2 9 9 9 9 9 
5 15 23 15 22 10 0 20 3 14 18 29 6 19 14 10 1 18 2 14 9 9 9 9 17 
15 23 15 22 25 0 20 3 14 0 29 6 19 14 17 1 18 2 14 1 9 9 9 17 9 
23 15 22 25 29 20 3 14 0 28 6 19 14 17 5 18 2 14 1 18 9 9 17 9 9 
15 22 25 29 25 3 14 0 28 3 19 14 17 5 23 2 14 1 18 2 9 17 9 9 9 
22 25 29 25 6 14 0 28 3 10 14 17 5 23 18 14 1 18 2 10 17 9 9 9 9 
25 29 25 6 11 0 28 3 10 0 17 5 23 18 29 1 18 2 10 1 9 9 9 9 9 
29 25 6 11 19 28 3 10 0 20 5 23 18 29 6 18 2 10 1 18 9 9 9 9 9 
25 6 11 19 11 3 10 0 20 3 23 18 29 6 19 2 10 1 18 2 9 9 9 9 9 
6 11 19 11 8 10 0 20 3 8 18 29 6 19 8 10 1 18 2 8 9 9 9 9 4 
11 19 11 8 9 0 20 3 8 0 29 6 19 8 17 1 18 2 8 1 9 9 9 4 27 
19 11 8 9 17 20 3 8 0 28 6 19 8 17 5 18 2 8 1 18 9 9 4 27 27 
11 8 9 17 9 3 8 0 28 3 19 8 17 5 23 2 8 1 18 2 9 4 27 27 27 
8 9 17 9 5 8 0 28 3 10 8 17 5 23 18 8 1 18 2 10 4 27 27 27 27 
9 17 9 5 15 0 28 3 10 0 17 5 23 18 29 1 18 2 10 1 27 27 27 27 27 
17 9 5 15 23 28 3 10 0 20 5 23 18 29 6 18 2 10 1 18 27 27 27 27 27 
9 5 15 23 15 3 10 0 20 3 23 18 29 6 19 2 10 1 18 2 27 27 27 27 27 
5 15 23 15 30 10 0 20 3 26 18 29 6 19 26 10 1 18 2 26 27 27 27 27 31 
15 23 15 30 25 0 20 3 26 0 29 6 19 26 17 1 18 2 26 1 27 27 27 31 27 
23 15 30 25 29 20 3 26 0 28 6 19 26 17 5 18 2 26 1 18 27 27 31 27 27 
15 30 25 29 25 3 26 0 28 3 19 26 17 5 23 2 26 1 18 2 27 31 27 27 27 
30 25 29 25 6 26 0 28 3 10 26 17 5 23 18 26 1 18 2 10 31 27 27 27 27 
25 29 25 6 11 0 28 3 10 0 17 5 23 18 29 1 18 2 10 1 27 27 27 27 27 
29 25 6 11 19 28 3 10 0 20 5 23 18 29 6 18 2 10 1 18 27 27 27 27 27 
25 6 11 19 11 3 10 0 20 3 23 18 29 6 19 2 10 1 18 2 27 27 27 27 27 
0 28 3 10 0 17 5 23 18 29 1 18 2 10 1 9 9 9 9 9 0 16 3 8 0 
28 3 10 0 20 5 23 18 29 6 18 2 10 1 18 9 9 9 9 9 16 3 8 0 16 
3 10 0 20 3 23 18 29 6 19 2 10 1 18 2 9 9 9 9 9 3 8 0 16 3 
10 0 20 3 14 18 29 6 19 14 10 1 18 2 14 9 9 9 9 17 8 0 16 3 24 
0 20 3 14 0 29 6 19 14 17 1 18 2 14 1 9 9 9 17 9 0 16 3 24 0 
20 3 14 0 28 6 19 14 17 5 18 2 14 1 18 9 9 17 9 9 16 3 24 0 16 
3 14 0 28 3 19 14 17 5 23 2 14 1 18 2 9 17 9 9 9 3 24 0 16 3 
14 0 28 3 10 14 17 5 23 18 14 1 18 2 10 17 9 9 9 9 24 0 16 3 8 
10 0 20 3 8 18 29 6 19 8 10 1 18 2 8 9 9 9 9 4 8 0 16 3 14 
8 0 28 3 10 8 17 5 23 18 8 1 18 2 10 4 27 27 27 27 14 0 16 3 8 
0 28 3 10 0 17 5 23 18 29 1 18 2 10 1 27 27 27 27 27 0 16 3 8 0 
28 3 10 0 20 5 23 18 29 6 18 2 10 1 18 27 27 27 27 27 16 3 8 0 16 
3 10 0 20 3 23 18 29 6 19 2 10 1 18 2 27 27 27 27 27 3 8 0 16 3 
10 0 20 3 26 18 29 6 19 26 10 1 18 2 26 27 27 27 27 31 8 0 16 3 12 
0 20 3 26 0 29 6 19 26 17 1 18 2 26 1 27 27 27 31 27 0 16 3 12 0 
20 3 26 0 28 6 19 26 17 5 18 2 26 1 18 27 27 31 27 27 16 3 12 0 16 
3 26 0 28 3 19 26 17 5 23 2 26 1 18 2 27 31 27 27 27 3 12 0 16 3 
26 0 28 3 10 26 17 5 23 18 26 1 18 2 10 31 27 27 27 27 12 0 16 3 8 
17 5 23 18 29 1 18 2 10 1 9 9 9 9 9 0 16 3 8 0 17 4 31 16 21 
5 23 18 29 6 18 2 10 1 18 9 9 9 9 9 16 3 8 0 16 4 31 16 21 7 
23 18 29 6 19 2 10 1 18 2 9 9 9 9 9 3 8 0 16 3 31 16 21 7 19 
18 29 6 19 14 10 1 18 2 14 9 9 9 9 17 8 0 16 3 24 16 21 7 19 24 
29 6 19 14 17 1 18 2 14 1 9 9 9 17 9 0 16 3 24 0 21 7 19 24 17 
6 19 14 17 5 18 2 14 1 18 9 9 17 9 9 16 3 24 0 16 7 19 24 17 4 
19 14 17 5 23 2 14 1 18 2 9 17 9 9 9 3 24 0 16 3 19 24 17 4 31 
14 17 5 23 18 14 1 18 2 10 17 9 9 9 9 24 0 16 3 8 24 17 4 31 16 
18 29 6 19 8 10 1 18 2 8 9 9 9 9 4 8 0 16 3 14 16 21 7 19 14 
8 17 5 23 18 8 1 18 2 10 4 27 27 27 27 14 0 16 3 8 14 17 4 31 16 
17 5 23 18 29 1 18 2 10 1 27 27 27 27 27 0 16 3 8 0 17 4 31 16 21 
5 23 18 29 6 18 2 10 1 18 27 27 27 27 27 16 3 8 0 16 4 31 16 21 7 
23 18 29 6 19 2 10 1 18 2 27 27 27 27 27 3 8 0 16 3 31 16 21 7 19 
18 29 6 19 26 10 1 18 2 26 27 27 27 27 31 8 0 16 3 12 16 21 7 19 12 
29 6 19 26 17 1 18 2 26 1 27 27 27 31 27 0 16 3 12 0 21 7 19 12 17 
6 19 26 17 5 18 2 26 1 18 27 27 31 27 27 16 3 12 0 16 7 19 12 17 4 
19 26 17 5 23 2 26 1 18 2 27 31 27 27 27 3 12 0 16 3 19 12 17 4 31 
26 17 5 23 18 26 1 18 2 10 31 27 27 27 27 12 0 16 3 8 12 17 4 31 16 
1 18 2 10 1 9 9 9 9 9 0 16 3 8 0 17 4 31 16 21 1 22 2 8 1 
18 2 10 1 18 9 9 9 9 9 16 3 8 0 16 4 31 16 21 7 22 2 8 1 30 
2 10 1 18 2 9 9 9 9 9 3 8 0 16 3 31 16 21 7 19 2 8 1 30 2 
10 1 18 2 14 9 9 9 9 17 8 0 16 3 24 16 21 7 19 24 8 1 30 2 24 
1 18 2 14 1 9 9 9 17 9 0 16 3 24 0 21 7 19 24 17 1 30 2 24 1 
18 2 14 1 18 9 9 17 9 9 16 3 24 0 16 7 19 24 17 4 30 2 24 1 22 
2 14 1 18 2 9 17 9 9 9 3 24 0 16 3 19 24 17 4 31 2 24 1 22 2 
14 1 18 2 10 17 9 9 9 9 24 0 16 3 8 24 17 4 31 16 24 1 22 2 8 
10 1 18 2 8 9 9 9 9 4 8 0 16 3 14 16 21 7 19 14 8 1 30 2 14 
8 1 18 2 10 4 27 27 27 27 14 0 16 3 8 14 17 4 31 16 14 1 22 2 8 
1 18 2 10 1 27 27 27 27 27 0 16 3 8 0 17 4 31 16 21 1 22 2 8 1 
18 2 10 1 18 27 27 27 27 27 16 3 8 0 16 4 31 16 21 7 22 2 8 1 30 
2 10 1 18 2 27 27 27 27 27 3 8 0 16 3 31 16 21 7 19 2 8 1 30 2 
10 1 18 2 26 27 27 27 27 31 8 0 16 3 12 16 21 7 19 12 8 1 30 2 12 
1 18 2 26 1 27 27 27 31 27 0 16 3 12 0 21 7 19 12 17 1 30 2 12 1 
18 2 26 1 18 27 27 31 27 27 16 3 12 0 16 7 19 12 17 4 30 2 12 1 22 
2 26 1 18 2 27 31 27 27 27 3 12 0 16 3 19 12 17 4 31 2 12 1 22 2 
26 1 18 2 10 31 27 27 27 27 12 0 16 3 8 12 17 4 31 16 12 1 22 2 8 
9 9 9 9 9 0 16 3 8 0 17 4 31 16 21 1 22 2 8 1 9 17 9 4 27 
9 9 9 9 9 16 3 8 0 16 4 31 16 21 7 22 2 8 1 30 17 9 4 27 31 
9 9 9 9 9 3 8 0 16 3 31 16 21 7 19 2 8 1 30 2 9 4 27 31 27 
9 9 9 9 17 8 0 16 3 24 16 21 7 19 24 8 1 30 2 24 4 27 31 27 28 
9 9 9 17 9 0 16 3 24 0 21 7 19 24 17 1 30 2 24 1 27 31 27 28 13 
9 9 17 9 9 16 3 24 0 16 7 19 24 17 4 30 2 24 1 22 31 27 28 13 21 
9 17 9 9 9 3 24 0 16 3 19 24 17 4 31 2 24 1 22 2 27 28 13 21 13 
17 9 9 9 9 24 0 16 3 8 24 17 4 31 16 24 1 22 2 8 28 13 21 13 7 
9 9 9 9 9 0 16 3 8 0 17 4 31 16 21 1 22 2 8 1 13 21 13 7 11 
9 9 9 9 9 16 3 8 0 16 4 31 16 21 7 22 2 8 1 30 21 13 7 11 19 
9 9 9 9 9 3 8 0 16 3 31 16 21 7 19 2 8 1 30 2 13 7 11 19 11 
9 9 9 9 4 8 0 16 3 14 16 21 7 19 14 8 1 30 2 14 7 11 19 11 14 
9 9 9 4 27 0 16 3 14 0 21 7 19 14 17 1 30 2 14 1 11 19 11 14 9 
9 9 4 27 27 16 3 14 0 16 7 19 14 17 4 30 2 14 1 22 19 11 14 9 17 
9 4 27 27 27 3 14 0 16 3 19 14 17 4 31 2 14 1 22 2 11 14 9 17 9 
4 27 27 27 27 14 0 16 3 8 14 17 4 31 16 14 1 22 2 8 14 9 17 9 4 
27 27 27 27 27 0 16 3 8 0 17 4 31 16 21 1 22 2 8 1 9 17 9 4 27 
27 27 27 27 27 16 3 8 0 16 4 31 16 21 7 22 2 8 1 30 17 9 4 27 31 
27 27 27 27 27 3 8 0 16 3 31 16 21 7 19 2 8 1 30 2 9 4 27 31 27 
27 27 27 27 31 8 0 16 3 12 16 21 7 19 12 8 1 30 2 12 4 27 31 27 20 
27 27 27 31 27 0 16 3 12 0 21 7 19 12 17 1 30 2 12 1 27 31 27 20 13 
27 27 31 27 27 16 3 12 0 16 7 19 12 17 4 30 2 12 1 22 31 27 20 13 21 
27 31 27 27 27 3 12 0 16 3 19 12 17 4 31 2 12 1 22 2 27 20 13 21 13 
31 27 27 27 27 12 0 16 3 8 12 17 4 31 16 12 1 22 2 8 20 13 21 13 7 
27 27 27 27 27 0 16 3 8 0 17 4 31 16 21 1 22 2 8 1 13 21 13 7 11 
27 27 27 27 27 16 3 8 0 16 4 31 16 21 7 22 2 8 1 30 21 13 7 11 19 
27 27 27 27 27 3 8 0 16 3 31 16 21 7 19 2 8 1 30 2 13 7 11 19 11 
8 0 16 3 14 16 21 7 19 14 8 1 30 2 14 7 11 19 11 14 26 0 20 3 14 
0 16 3 14 0 21 7 19 14 17 1 30 2 14 1 11 19 11 14 9 0 20 3 14 0 
16 3 14 0 16 7 19 14 17 4 30 2 14 1 22 19 11 14 9 17 20 3 14 0 28 
3 14 0 16 3 19 14 17 4 31 2 14 1 22 2 11 14 9 17 9 3 14 0 28 3 
14 0 16 3 8 14 17 4 31 16 14 1 22 2 8 14 9 17 9 4 14 0 28 3 14 
16 21 7 19 14 8 1 30 2 14 7 11 19 11 14 26 0 20 3 14 30 29 6 19 14 
21 7 19 14 17 1 30 2 14 1 11 19 11 14 9 0 20 3 14 0 29 6 19 14 17 
7 19 14 17 4 30 2 14 1 22 19 11 14 9 17 20 3 14 0 28 6 19 14 17 5 
19 14 17 4 31 2 14 1 22 2 11 14 9 17 9 3 14 0 28 3 19 14 17 5 23 
14 17 4 31 16 14 1 22 2 8 14 9 17 9 4 14 0 28 3 14 14 17 5 23 22 
8 1 30 2 14 7 11 19 11 14 26 0 20 3 14 30 29 6 19 14 26 1 18 2 14 
1 30 2 14 1 11 19 11 14 9 0 20 3 14 0 29 6 19 14 17 1 18 2 14 1 
30 2 14 1 22 19 11 14 9 17 20 3 14 0 28 6 19 14 17 5 18 2 14 1 18 
2 14 1 22 2 11 14 9 17 9 3 14 0 28 3 19 14 17 5 23 2 14 1 18 2 
14 1 22 2 8 14 9 17 9 4 14 0 28 3 14 14 17 5 23 22 14 1 18 2 14 
7 11 19 11 14 26 0 20 3 14 30 29 6 19 14 26 1 18 2 14 23 15 15 15 22 
11 19 11 14 9 0 20 3 14 0 29 6 19 14 17 1 18 2 14 1 15 15 15 22 25 
19 11 14 9 17 20 3 14 0 28 6 19 14 17 5 18 2 14 1 18 15 15 22 25 25 
11 14 9 17 9 3 14 0 28 3 19 14 17 5 23 2 14 1 18 2 15 22 25 25 25 
14 9 17 9 4 14 0 28 3 14 14 17 5 23 22 14 1 18 2 14 22 25 25 25 29 
26 0 20 3 14 30 29 6 19 14 26 1 18 2 14 23 15 15 15 22 12 0 16 3 14 
0 20 3 14 0 29 6 19 14 17 1 18 2 14 1 15 15 15 22 25 0 16 3 14 0 
20 3 14 0 28 6 19 14 17 5 18 2 14 1 18 15 15 22 25 25 16 3 14 0 16 
3 14 0 28 3 19 14 17 5 23 2 14 1 18 2 15 22 25 25 25 3 14 0 16 3 
14 0 28 3 14 14 17 5 23 22 14 1 18 2 14 22 25 25 25 29 14 0 16 3 24 
30 29 6 19 14 26 1 18 2 14 23 15 15 15 22 12 0 16 3 14 20 21 7 19 14 
29 6 19 14 17 1 18 2 14 1 15 15 15 22 25 0 16 3 14 0 21 7 19 14 17 
6 19 14 17 5 18 2 14 1 18 15 15 22 25 25 16 3 14 0 16 7 19 14 17 4 
19 14 17 5 23 2 14 1 18 2 15 22 25 25 25 3 14 0 16 3 19 14 17 4 31 
14 17 5 23 22 14 1 18 2 14 22 25 25 25 29 14 0 16 3 24 14 17 4 31 28 
26 1 18 2 14 23 15 15 15 22 12 0 16 3 14 20 21 7 19 14 12 1 30 2 14 
1 18 2 14 1 15 15 15 22 25 0 16 3 14 0 21 7 19 14 17 1 30 2 14 1 
18 2 14 1 18 15 15 22 25 25 16 3 14 0 16 7 19 14 17 4 30 2 14 1 22 
2 14 1 18 2 15 22 25 25 25 3 14 0 16 3 19 14 17 4 31 2 14 1 22 2 
14 1 18 2 14 22 25 25 25 29 14 0 16 3 24 14 17 4 31 28 14 1 22 2 24 
23 15 15 15 22 12 0 16 3 14 20 21 7 19 14 12 1 30 2 14 6 11 19 11 14 
15 15 15 22 25 0 16 3 14 0 21 7 19 14 17 1 30 2 14 1 11 19 11 14 9 
15 15 22 25 25 16 3 14 0 16 7 19 14 17 4 30 2 14 1 22 19 11 14 9 17 
15 22 25 25 25 3 14 0 16 3 19 14 17 4 31 2 14 1 22 2 11 14 9 17 9 
22 25 25 25 29 14 0 16 3 24 14 17 4 31 28 14 1 22 2 24 14 9 17 9 5 
12 0 16 3 14 20 21 7 19 14 12 1 30 2 14 6 11 19 11 14 10 0 20 3 14 
14 0 16 3 24 14 17 4 31 28 14 1 22 2 24 14 9 17 9 5 14 0 28 3 10 
20 21 7 19 14 12 1 30 2 14 6 11 19 11 14 10 0 20 3 14 18 29 6 19 14 
14 17 4 31 28 14 1 22 2 24 14 9 17 9 5 14 0 28 3 10 14 17 5 23 18 
12 1 30 2 14 6 11 19 11 14 10 0 20 3 14 18 29 6 19 14 10 1 18 2 14 
14 1 22 2 24 14 9 17 9 5 14 0 28 3 10 14 17 5 23 18 14 1 18 2 10 
8 0 16 3 24 16 21 7 19 24 8 1 30 2 24 7 11 19 11 24 26 0 20 3 24 
0 16 3 24 0 21 7 19 24 17 1 30 2 24 1 11 19 11 24 9 0 20 3 24 0 
16 3 24 0 16 7 19 24 17 4 30 2 24 1 22 19 11 24 9 17 20 3 24 0 28 
3 24 0 16 3 19 24 17 4 31 2 24 1 22 2 11 24 9 17 9 3 24 0 28 3 
24 0 16 3 8 24 17 4 31 16 24 1 22 2 8 24 9 17 9 4 24 0 28 3 14 
16 21 7 19 24 8 1 30 2 24 7 11 19 11 24 26 0 20 3 24 30 29 6 19 24 
21 7 19 24 17 1 30 2 24 1 11 19 11 24 9 0 20 3 24 0 29 6 19 24 17 
7 19 24 17 4 30 2 24 1 22 19 11 24 9 17 20 3 24 0 28 6 19 24 17 5 
19 24 17 4 31 2 24 1 22 2 11 24 9 17 9 3 24 0 28 3 19 24 17 5 23 
24 17 4 31 16 24 1 22 2 8 24 9 17 9 4 24 0 28 3 14 24 17 5 23 22 
8 1 30 2 24 7 11 19 11 24 26 0 20 3 24 30 29 6 19 24 26 1 18 2 24 
1 30 2 24 1 11 19 11 24 9 0 20 3 24 0 29 6 19 24 17 1 18 2 24 1 
30 2 24 1 22 19 11 24 9 17 20 3 24 0 28 6 19 24 17 5 18 2 24 1 18 
2 24 1 22 2 11 24 9 17 9 3 24 0 28 3 19 24 17 5 23 2 24 1 18 2 
24 1 22 2 8 24 9 17 9 4 24 0 28 3 14 24 17 5 23 22 24 1 18 2 14 
7 11 19 11 24 26 0 20 3 24 30 29 6 19 24 26 1 18 2 24 31 27 27 27 28 
11 19 11 24 9 0 20 3 24 0 29 6 19 24 17 1 18 2 24 1 27 27 27 28 13 
19 11 24 9 17 20 3 24 0 28 6 19 24 17 5 18 2 24 1 18 27 27 28 13 13 
11 24 9 17 9 3 24 0 28 3 19 24 17 5 23 2 24 1 18 2 27 28 13 13 13 
24 9 17 9 4 24 0 28 3 14 24 17 5 23 22 24 1 18 2 14 28 13 13 13 21 
26 0 20 3 24 30 29 6 19 24 26 1 18 2 24 31 27 27 27 28 12 0 16 3 24 
0 20 3 24 0 29 6 19 24 17 1 18 2 24 1 27 27 27 28 13 0 16 3 24 0 
20 3 24 0 28 6 19 24 17 5 18 2 24 1 18 27 27 28 13 13 16 3 24 0 16 
3 24 0 28 3 19 24 17 5 23 2 24 1 18 2 27 28 13 13 13 3 24 0 16 3 
24 0 28 3 14 24 17 5 23 22 24 1 18 2 14 28 13 13 13 21 24 0 16 3 24 
30 29 6 19 24 26 1 18 2 24 31 27 27 27 28 12 0 16 3 24 20 21 7 19 24 
29 6 19 24 17 1 18 2 24 1 27 27 27 28 13 0 16 3 24 0 21 7 19 24 17 
6 19 24 17 5 18 2 24 1 18 27 27 28 13 13 16 3 24 0 16 7 19 24 17 4 
19 24 17 5 23 2 24 1 18 2 27 28 13 13 13 3 24 0 16 3 19 24 17 4 31 
24 17 5 23 22 24 1 18 2 14 28 13 13 13 21 24 0 16 3 24 24 17 4 31 28 
26 1 18 2 24 31 27 27 27 28 12 0 16 3 24 20 21 7 19 24 12 1 30 2 24 
1 18 2 24 1 27 27 27 28 13 0 16 3 24 0 21 7 19 24 17 1 30 2 24 1 
18 2 24 1 18 27 27 28 13 13 16 3 24 0 16 7 19 24 17 4 30 2 24 1 22 
2 24 1 18 2 27 28 13 13 13 3 24 0 16 3 19 24 17 4 31 2 24 1 22 2 
24 1 18 2 14 28 13 13 13 21 24 0 16 3 24 24 17 4 31 28 24 1 22 2 24 
31 27 27 27 28 12 0 16 3 24 20 21 7 19 24 12 1 30 2 24 6 11 19 11 24 
27 27 27 28 13 0 16 3 24 0 21 7 19 24 17 1 30 2 24 1 11 19 11 24 9 
27 27 28 13 13 16 3 24 0 16 7 19 24 17 4 30 2 24 1 22 19 11 24 9 17 
27 28 13 13 13 3 24 0 16 3 19 24 17 4 31 2 24 1 22 2 11 24 9 17 9 
28 13 13 13 21 24 0 16 3 24 24 17 4 31 28 24 1 22 2 24 24 9 17 9 5 
12 0 16 3 24 20 21 7 19 24 12 1 30 2 24 6 11 19 11 24 10 0 20 3 24 
24 0 16 3 24 24 17 4 31 28 24 1 22 2 24 24 9 17 9 5 24 0 28 3 10 
20 21 7 19 24 12 1 30 2 24 6 11 19 11 24 10 0 20 3 24 18 29 6 19 24 
24 17 4 31 28 24 1 22 2 24 24 9 17 9 5 24 0 28 3 10 24 17 5 23 18 
12 1 30 2 24 6 11 19 11 24 10 0 20 3 24 18 29 6 19 24 10 1 18 2 24 
24 1 22 2 24 24 9 17 9 5 24 0 28 3 10 24 17 5 23 18 24 1 18 2 10 
6 11 19 11 24 10 0 20 3 24 18 29 6 19 24 10 1 18 2 24 9 9 9 9 5 
11 19 11 24 9 0 20 3 24 0 29 6 19 24 17 1 18 2 24 1 9 9 9 5 15 
19 11 24 9 17 20 3 24 0 28 6 19 24 17 5 18 2 24 1 18 9 9 5 15 15 
11 24 9 17 9 3 24 0 28 3 19 24 17 5 23 2 24 1 18 2 9 5 15 15 15 
24 9 17 9 5 24 0 28 3 10 24 17 5 23 18 24 1 18 2 10 5 15 15 15 15 
9 17 9 5 15 0 28 3 10 0 17 5 23 18 29 1 18 2 10 1 15 15 15 15 15 
17 9 5 15 23 28 3 10 0 20 5 23 18 29 6 18 2 10 1 18 15 15 15 15 15 
9 5 15 23 15 3 10 0 20 3 23 18 29 6 19 2 10 1 18 2 15 15 15 15 15 
5 15 23 15 30 10 0 20 3 26 18 29 6 19 26 10 1 18 2 26 15 15 15 15 23 
15 23 15 30 25 0 20 3 26 0 29 6 19 26 17 1 18 2 26 1 15 15 15 23 15 
23 15 30 25 29 20 3 26 0 28 6 19 26 17 5 18 2 26 1 18 15 15 23 15 15 
15 30 25 29 25 3 26 0 28 3 19 26 17 5 23 2 26 1 18 2 15 23 15 15 15 
30 25 29 25 6 26 0 28 3 10 26 17 5 23 18 26 1 18 2 10 23 15 15 15 15 
25 29 25 6 11 0 28 3 10 0 17 5 23 18 29 1 18 2 10 1 15 15 15 15 15 
29 25 6 11 19 28 3 10 0 20 5 23 18 29 6 18 2 10 1 18 15 15 15 15 15 
25 6 11 19 11 3 10 0 20 3 23 18 29 6 19 2 10 1 18 2 15 15 15 15 15 
10 0 20 3 24 18 29 6 19 24 10 1 18 2 24 9 9 9 9 5 8 0 16 3 10 
24 0 28 3 10 24 17 5 23 18 24 1 18 2 10 5 15 15 15 15 10 0 16 3 8 
0 28 3 10 0 17 5 23 18 29 1 18 2 10 1 15 15 15 15 15 0 16 3 8 0 
28 3 10 0 20 5 23 18 29 6 18 2 10 1 18 15 15 15 15 15 16 3 8 0 16 
3 10 0 20 3 23 18 29 6 19 2 10 1 18 2 15 15 15 15 15 3 8 0 16 3 
10 0 20 3 26 18 29 6 19 26 10 1 18 2 26 15 15 15 15 23 8 0 16 3 12 
0 20 3 26 0 29 6 19 26 17 1 18 2 26 1 15 15 15 23 15 0 16 3 12 0 
20 3 26 0 28 6 19 26 17 5 18 2 26 1 18 15 15 23 15 15 16 3 12 0 16 
3 26 0 28 3 19 26 17 5 23 2 26 1 18 2 15 23 15 15 15 3 12 0 16 3 
26 0 28 3 10 26 17 5 23 18 26 1 18 2 10 23 15 15 15 15 12 0 16 3 8 
18 29 6 19 24 10 1 18 2 24 9 9 9 9 5 8 0 16 3 10 16 21 7 19 10 
24 17 5 23 18 24 1 18 2 10 5 15 15 15 15 10 0 16 3 8 10 17 4 31 16 
17 5 23 18 29 1 18 2 10 1 15 15 15 15 15 0 16 3 8 0 17 4 31 16 21 
5 23 18 29 6 18 2 10 1 18 15 15 15 15 15 16 3 8 0 16 4 31 16 21 7 
23 18 29 6 19 2 10 1 18 2 15 15 15 15 15 3 8 0 16 3 31 16 21 7 19 
18 29 6 19 26 10 1 18 2 26 15 15 15 15 23 8 0 16 3 12 16 21 7 19 12 
29 6 19 26 17 1 18 2 26 1 15 15 15 23 15 0 16 3 12 0 21 7 19 12 17 
6 19 26 17 5 18 2 26 1 18 15 15 23 15 15 16 3 12 0 16 7 19 12 17 4 
19 26 17 5 23 2 26 1 18 2 15 23 15 15 15 3 12 0 16 3 19 12 17 4 31 
26 17 5 23 18 26 1 18 2 10 23 15 15 15 15 12 0 16 3 8 12 17 4 31 16 
10 1 18 2 24 9 9 9 9 5 8 0 16 3 10 16 21 7 19 10 8 1 30 2 10 
24 1 18 2 10 5 15 15 15 15 10 0 16 3 8 10 17 4 31 16 10 1 22 2 8 
1 18 2 10 1 15 15 15 15 15 0 16 3 8 0 17 4 31 16 21 1 22 2 8 1 
18 2 10 1 18 15 15 15 15 15 16 3 8 0 16 4 31 16 21 7 22 2 8 1 30 
2 10 1 18 2 15 15 15 15 15 3 8 0 16 3 31 16 21 7 19 2 8 1 30 2 
10 1 18 2 26 15 15 15 15 23 8 0 16 3 12 16 21 7 19 12 8 1 30 2 12 
1 18 2 26 1 15 15 15 23 15 0 16 3 12 0 21 7 19 12 17 1 30 2 12 1 
18 2 26 1 18 15 15 23 15 15 16 3 12 0 16 7 19 12 17 4 30 2 12 1 22 
2 26 1 18 2 15 23 15 15 15 3 12 0 16 3 19 12 17 4 31 2 12 1 22 2 
26 1 18 2 10 23 15 15 15 15 12 0 16 3 8 12 17 4 31 16 12 1 22 2 8 
9 9 9 9 5 8 0 16 3 10 16 21 7 19 10 8 1 30 2 10 7 11 19 11 10 
9 9 9 5 15 0 16 3 10 0 21 7 19 10 17 1 30 2 10 1 11 19 11 10 9 
9 9 5 15 15 16 3 10 0 16 7 19 10 17 4 30 2 10 1 22 19 11 10 9 17 
9 5 15 15 15 3 10 0 16 3 19 10 17 4 31 2 10 1 22 2 11 10 9 17 9 
5 15 15 15 15 10 0 16 3 8 10 17 4 31 16 10 1 22 2 8 10 9 17 9 4 
15 15 15 15 15 0 16 3 8 0 17 4 31 16 21 1 22 2 8 1 9 17 9 4 27 
15 15 15 15 15 16 3 8 0 16 4 31 16 21 7 22 2 8 1 30 17 9 4 27 31 
15 15 15 15 15 3 8 0 16 3 31 16 21 7 19 2 8 1 30 2 9 4 27 31 27 
15 15 15 15 23 8 0 16 3 12 16 21 7 19 12 8 1 30 2 12 4 27 31 27 20 
15 15 15 23 15 0 16 3 12 0 21 7 19 12 17 1 30 2 12 1 27 31 27 20 13 
15 15 23 15 15 16 3 12 0 16 7 19 12 17 4 30 2 12 1 22 31 27 20 13 21 
15 23 15 15 15 3 12 0 16 3 19 12 17 4 31 2 12 1 22 2 27 20 13 21 13 
23 15 15 15 15 12 0 16 3 8 12 17 4 31 16 12 1 22 2 8 20 13 21 13 7 
15 15 15 15 15 0 16 3 8 0 17 4 31 16 21 1 22 2 8 1 13 21 13 7 11 
15 15 15 15 15 16 3 8 0 16 4 31 16 21 7 22 2 8 1 30 21 13 7 11 19 
15 15 15 15 15 3 8 0 16 3 31 16 21 7 19 2 8 1 30 2 13 7 11 19 11 
8 0 16 3 10 16 21 7 19 10 8 1 30 2 10 7 11 19 11 10 26 0 20 3 10 
0 16 3 10 0 21 7 19 10 17 1 30 2 10 1 11 19 11 10 9 0 20 3 10 0 
16 3 10 0 16 7 19 10 17 4 30 2 10 1 22 19 11 10 9 17 20 3 10 0 28 
3 10 0 16 3 19 10 17 4 31 2 10 1 22 2 11 10 9 17 9 3 10 0 28 3 
10 0 16 3 8 10 17 4 31 16 10 1 22 2 8 10 9 17 9 4 10 0 28 3 14 
16 21 7 19 10 8 1 30 2 10 7 11 19 11 10 26 0 20 3 10 30 29 6 19 10 
21 7 19 10 17 1 30 2 10 1 11 19 11 10 9 0 20 3 10 0 29 6 19 10 17 
7 19 10 17 4 30 2 10 1 22 19 11 10 9 17 20 3 10 0 28 6 19 10 17 5 
19 10 17 4 31 2 10 1 22 2 11 10 9 17 9 3 10 0 28 3 19 10 17 5 23 
10 17 4 31 16 10 1 22 2 8 10 9 17 9 4 10 0 28 3 14 10 17 5 23 22 
8 1 30 2 10 7 11 19 11 10 26 0 20 3 10 30 29 6 19 10 26 1 18 2 10 
1 30 2 10 1 11 19 11 10 9 0 20 3 10 0 29 6 19 10 17 1 18 2 10 1 
30 2 10 1 22 19 11 10 9 17 20 3 10 0 28 6 19 10 17 5 18 2 10 1 18 
2 10 1 22 2 11 10 9 17 9 3 10 0 28 3 19 10 17 5 23 2 10 1 18 2 
10 1 22 2 8 10 9 17 9 4 10 0 28 3 14 10 17 5 23 22 10 1 18 2 14 
7 11 19 11 10 26 0 20 3 10 30 29 6 19 10 26 1 18 2 10 23 15 15 15 18 
11 19 11 10 9 0 20 3 10 0 29 6 19 10 17 1 18 2 10 1 15 15 15 18 25 
19 11 10 9 17 20 3 10 0 28 6 19 10 17 5 18 2 10 1 18 15 15 18 25 25 
11 10 9 17 9 3 10 0 28 3 19 10 17 5 23 2 10 1 18 2 15 18 25 25 25 
10 9 17 9 4 10 0 28 3 14 10 17 5 23 22 10 1 18 2 14 18 25 25 25 29 
26 0 20 3 10 30 29 6 19 10 26 1 18 2 10 23 15 15 15 18 12 0 16 3 10 
0 20 3 10 0 29 6 19 10 17 1 18 2 10 1 15 15 15 18 25 0 16 3 10 0 
20 3 10 0 28 6 19 10 17 5 18 2 10 1 18 15 15 18 25 25 16 3 10 0 16 
3 10 0 28 3 19 10 17 5 23 2 10 1 18 2 15 18 25 25 25 3 10 0 16 3 
10 0 28 3 14 10 17 5 23 22 10 1 18 2 14 18 25 25 25 29 10 0 16 3 24 
30 29 6 19 10 26 1 18 2 10 23 15 15 15 18 12 0 16 3 10 20 21 7 19 10 
29 6 19 10 17 1 18 2 10 1 15 15 15 18 25 0 16 3 10 0 21 7 19 10 17 
6 19 10 17 5 18 2 10 1 18 15 15 18 25 25 16 3 10 0 16 7 19 10 17 4 
19 10 17 5 23 2 10 1 18 2 15 18 25 25 25 3 10 0 16 3 19 10 17 4 31 
10 17 5 23 22 10 1 18 2 14 18 25 25 25 29 10 0 16 3 24 10 17 4 31 28 
26 1 18 2 10 23 15 15 15 18 12 0 16 3 10 20 21 7 19 10 12 1 30 2 10 
1 18 2 10 1 15 15 15 18 25 0 16 3 10 0 21 7 19 10 17 1 30 2 10 1 
18 2 10 1 18 15 15 18 25 25 16 3 10 0 16 7 19 10 17 4 30 2 10 1 22 
2 10 1 18 2 15 18 25 25 25 3 10 0 16 3 19 10 17 4 31 2 10 1 22 2 
10 1 18 2 14 18 25 25 25 29 10 0 16 3 24 10 17 4 31 28 10 1 22 2 24 
23 15 15 15 18 12 0 16 3 10 20 21 7 19 10 12 1 30 2 10 6 11 19 11 10 
15 15 15 18 25 0 16 3 10 0 21 7 19 10 17 1 30 2 10 1 11 19 11 10 9 
15 15 18 25 25 16 3 10 0 16 7 19 10 17 4 30 2 10 1 22 19 11 10 9 17 
15 18 25 25 25 3 10 0 16 3 19 10 17 4 31 2 10 1 22 2 11 10 9 17 9 
18 25 25 25 29 10 0 16 3 24 10 17 4 31 28 10 1 22 2 24 10 9 17 9 5 
12 0 16 3 10 20 21 7 19 10 12 1 30 2 10 6 11 19 11 10 10 0 20 3 10 
10 0 16 3 24 10 17 4 31 28 10 1 22 2 24 10 9 17 9 5 10 0 28 3 10 
20 21 7 19 10 12 1 30 2 10 6 11 19 11 10 10 0 20 3 10 18 29 6 19 10 
10 17 4 31 28 10 1 22 2 24 10 9 17 9 5 10 0 28 3 10 10 17 5 23 18 
12 1 30 2 10 6 11 19 11 10 10 0 20 3 10 18 29 6 19 10 10 1 18 2 10 
10 1 22 2 24 10 9 17 9 5 10 0 28 3 10 10 17 5 23 18 10 1 18 2 10 
8 0 16 3 12 16 21 7 19 12 8 1 30 2 12 7 11 19 11 12 26 0 20 3 12 
0 16 3 12 0 21 7 19 12 17 1 30 2 12 1 11 19 11 12 9 0 20 3 12 0 
16 3 12 0 16 7 19 12 17 4 30 2 12 1 22 19 11 12 9 17 20 3 12 0 28 
3 12 0 16 3 19 12 17 4 31 2 12 1 22 2 11 12 9 17 9 3 12 0 28 3 
12 0 16 3 8 12 17 4 31 16 12 1 22 2 8 12 9 17 9 4 12 0 28 3 14 
16 21 7 19 12 8 1 30 2 12 7 11 19 11 12 26 0 20 3 12 30 29 6 19 12 
21 7 19 12 17 1 30 2 12 1 11 19 11 12 9 0 20 3 12 0 29 6 19 12 17 
7 19 12 17 4 30 2 12 1 22 19 11 12 9 17 20 3 12 0 28 6 19 12 17 5 
19 12 17 4 31 2 12 1 22 2 11 12 9 17 9 3 12 0 28 3 19 12 17 5 23 
12 17 4 31 16 12 1 22 2 8 12 9 17 9 4 12 0 28 3 14 12 17 5 23 22 
8 1 30 2 12 7 11 19 11 12 26 0 20 3 12 30 29 6 19 12 26 1 18 2 12 
1 30 2 12 1 11 19 11 12 9 0 20 3 12 0 29 6 19 12 17 1 18 2 12 1 
30 2 12 1 22 19 11 12 9 17 20 3 12 0 28 6 19 12 17 5 18 2 12 1 18 
2 12 1 22 2 11 12 9 17 9 3 12 0 28 3 19 12 17 5 23 2 12 1 18 2 
12 1 22 2 8 12 9 17 9 4 12 0 28 3 14 12 17 5 23 22 12 1 18 2 14 
7 11 19 11 12 26 0 20 3 12 30 29 6 19 12 26 1 18 2 12 31 27 27 27 20 
11 19 11 12 9 0 20 3 12 0 29 6 19 12 17 1 18 2 12 1 27 27 27 20 13 
19 11 12 9 17 20 3 12 0 28 6 19 12 17 5 18 2 12 1 18 27 27 20 13 13 
11 12 9 17 9 3 12 0 28 3 19 12 17 5 23 2 12 1 18 2 27 20 13 13 13 
12 9 17 9 4 12 0 28 3 14 12 17 5 23 22 12 1 18 2 14 20 13 13 13 21 
26 0 20 3 12 30 29 6 19 12 26 1 18 2 12 31 27 27 27 20 12 0 16 3 12 
0 20 3 12 0 29 6 19 12 17 1 18 2 12 1 27 27 27 20 13 0 16 3 12 0 
20 3 12 0 28 6 19 12 17 5 18 2 12 1 18 27 27 20 13 13 16 3 12 0 16 
3 12 0 28 3 19 12 17 5 23 2 12 1 18 2 27 20 13 13 13 3 12 0 16 3 
12 0 28 3 14 12 17 5 23 22 12 1 18 2 14 20 13 13 13 21 12 0 16 3 24 
30 29 6 19 12 26 1 18 2 12 31 27 27 27 20 12 0 16 3 12 20 21 7 19 12 
29 6 19 12 17 1 18 2 12 1 27 27 27 20 13 0 16 3 12 0 21 7 19 12 17 
6 19 12 17 5 18 2 12 1 18 27 27 20 13 13 16 3 12 0 16 7 19 12 17 4 
19 12 17 5 23 2 12 1 18 2 27 20 13 13 13 3 12 0 16 3 19 12 17 4 31 
12 17 5 23 22 12 1 18 2 14 20 13 13 13 21 12 0 16 3 24 12 17 4 31 28 
26 1 18 2 12 31 27 27 27 20 12 0 16 3 12 20 21 7 19 12 12 1 30 2 12 
1 18 2 12 1 27 27 27 20 13 0 16 3 12 0 21 7 19 12 17 1 30 2 12 1 
18 2 12 1 18 27 27 20 13 13 16 3 12 0 16 7 19 12 17 4 30 2 12 1 22 
2 12 1 18 2 27 20 13 13 13 3 12 0 16 3 19 12 17 4 31 2 12 1 22 2 
12 1 18 2 14 20 13 13 13 21 12 0 16 3 24 12 17 4 31 28 12 1 22 2 24 
31 27 27 27 20 12 0 16 3 12 20 21 7 19 12 12 1 30 2 12 6 11 19 11 12 
27 27 27 20 13 0 16 3 12 0 21 7 19 12 17 1 30 2 12 1 11 19 11 12 9 
27 27 20 13 13 16 3 12 0 16 7 19 12 17 4 30 2 12 1 22 19 11 12 9 17 
27 20 13 13 13 3 12 0 16 3 19 12 17 4 31 2 12 1 22 2 11 12 9 17 9 
20 13 13 13 21 12 0 16 3 24 12 17 4 31 28 12 1 22 2 24 12 9 17 9 5 
12 0 16 3 12 20 21 7 19 12 12 1 30 2 12 6 11 19 11 12 10 0 20 3 12 
12 0 16 3 24 12 17 4 31 28 12 1 22 2 24 12 9 17 9 5 12 0 28 3 10 
20 21 7 19 12 12 1 30 2 12 6 11 19 11 12 10 0 20 3 12 18 29 6 19 12 
12 17 4 31 28 12 1 22 2 24 12 9 17 9 5 12 0 28 3 10 12 17 5 23 18 
12 1 30 2 12 6 11 19 11 12 10 0 20 3 12 18 29 6 19 12 10 1 18 2 12 
12 1 22 2 24 12 9 17 9 5 12 0 28 3 10 12 17 5 23 18 12 1 18 2 10 
9 17 9 5 15 0 28 3 10 0 17 5 23 18 29 1 18 2 10 1 25 25 25 25 25 
17 9 5 15 23 28 3 10 0 20 5 23 18 29 6 18 2 10 1 18 25 25 25 25 25 
9 5 15 23 15 3 10 0 20 3 23 18 29 6 19 2 10 1 18 2 25 25 25 25 25 
5 15 23 15 22 10 0 20 3 14 18 29 6 19 14 10 1 18 2 14 25 25 25 25 29 
15 23 15 22 25 0 20 3 14 0 29 6 19 14 17 1 18 2 14 1 25 25 25 29 25 
23 15 22 25 29 20 3 14 0 28 6 19 14 17 5 18 2 14 1 18 25 25 29 25 25 
15 22 25 29 25 3 14 0 28 3 19 14 17 5 23 2 14 1 18 2 25 29 25 25 25 
22 25 29 25 6 14 0 28 3 10 14 17 5 23 18 14 1 18 2 10 29 25 25 25 25 
25 29 25 6 11 0 28 3 10 0 17 5 23 18 29 1 18 2 10 1 25 25 25 25 25 
29 25 6 11 19 28 3 10 0 20 5 23 18 29 6 18 2 10 1 18 25 25 25 25 25 
25 6 11 19 11 3 10 0 20 3 23 18 29 6 19 2 10 1 18 2 25 25 25 25 25 
6 11 19 11 12 10 0 20 3 12 18 29 6 19 12 10 1 18 2 12 25 25 25 25 6 
11 19 11 12 9 0 20 3 12 0 29 6 19 12 17 1 18 2 12 1 25 25 25 6 11 
19 11 12 9 17 20 3 12 0 28 6 19 12 17 5 18 2 12 1 18 25 25 6 11 11 
11 12 9 17 9 3 12 0 28 3 19 12 17 5 23 2 12 1 18 2 25 6 11 11 11 
12 9 17 9 5 12 0 28 3 10 12 17 5 23 18 12 1 18 2 10 6 11 11 11 11 
9 17 9 5 15 0 28 3 10 0 17 5 23 18 29 1 18 2 10 1 11 11 11 11 11 
17 9 5 15 23 28 3 10 0 20 5 23 18 29 6 18 2 10 1 18 11 11 11 11 11 
9 5 15 23 15 3 10 0 20 3 23 18 29 6 19 2 10 1 18 2 11 11 11 11 11 
5 15 23 15 30 10 0 20 3 26 18 29 6 19 26 10 1 18 2 26 11 11 11 11 19 
15 23 15 30 25 0 20 3 26 0 29 6 19 26 17 1 18 2 26 1 11 11 11 19 11 
23 15 30 25 29 20 3 26 0 28 6 19 26 17 5 18 2 26 1 18 11 11 19 11 11 
15 30 25 29 25 3 26 0 28 3 19 26 17 5 23 2 26 1 18 2 11 19 11 11 11 
30 25 29 25 6 26 0 28 3 10 26 17 5 23 18 26 1 18 2 10 19 11 11 11 11 
25 29 25 6 11 0 28 3 10 0 17 5 23 18 29 1 18 2 10 1 11 11 11 11 11 
29 25 6 11 19 28 3 10 0 20 5 23 18 29 6 18 2 10 1 18 11 11 11 11 11 
25 6 11 19 11 3 10 0 20 3 23 18 29 6 19 2 10 1 18 2 11 11 11 11 11 
0 28 3 10 0 17 5 23 18 29 1 18 2 10 1 25 25 25 25 25 0 16 3 8 0 
28 3 10 0 20 5 23 18 29 6 18 2 10 1 18 25 25 25 25 25 16 3 8 0 16 
3 10 0 20 3 23 18 29 6 19 2 10 1 18 2 25 25 25 25 25 3 8 0 16 3 
10 0 20 3 14 18 29 6 19 14 10 1 18 2 14 25 25 25 25 29 8 0 16 3 24 
0 20 3 14 0 29 6 19 14 17 1 18 2 14 1 25 25 25 29 25 0 16 3 24 0 
20 3 14 0 28 6 19 14 17 5 18 2 14 1 18 25 25 29 25 25 16 3 24 0 16 
3 14 0 28 3 19 14 17 5 23 2 14 1 18 2 25 29 25 25 25 3 24 0 16 3 
14 0 28 3 10 14 17 5 23 18 14 1 18 2 10 29 25 25 25 25 24 0 16 3 8 
10 0 20 3 12 18 29 6 19 12 10 1 18 2 12 25 25 25 25 6 8 0 16 3 10 
12 0 28 3 10 12 17 5 23 18 12 1 18 2 10 6 11 11 11 11 10 0 16 3 8 
0 28 3 10 0 17 5 23 18 29 1 18 2 10 1 11 11 11 11 11 0 16 3 8 0 
28 3 10 0 20 5 23 18 29 6 18 2 10 1 18 11 11 11 11 11 16 3 8 0 16 
3 10 0 20 3 23 18 29 6 19 2 10 1 18 2 11 11 11 11 11 3 8 0 16 3 
10 0 20 3 26 18 29 6 19 26 10 1 18 2 26 11 11 11 11 19 8 0 16 3 12 
0 20 3 26 0 29 6 19 26 17 1 18 2 26 1 11 11 11 19 11 0 16 3 12 0 
20 3 26 0 28 6 19 26 17 5 18 2 26 1 18 11 11 19 11 11 16 3 12 0 16 
3 26 0 28 3 19 26 17 5 23 2 26 1 18 2 11 19 11 11 11 3 12 0 16 3 
26 0 28 3 10 26 17 5 23 18 26 1 18 2 10 19 11 11 11 11 12 0 16 3 8 
17 5 23 18 29 1 18 2 10 1 25 25 25 25 25 0 16 3 8 0 17 4 31 16 21 
5 23 18 29 6 18 2 10 1 18 25 25 25 25 25 16 3 8 0 16 4 31 16 21 7 
23 18 29 6 19 2 10 1 18 2 25 25 25 25 25 3 8 0 16 3 31 16 21 7 19 
18 29 6 19 14 10 1 18 2 14 25 25 25 25 29 8 0 16 3 24 16 21 7 19 24 
29 6 19 14 17 1 18 2 14 1 25 25 25 29 25 0 16 3 24 0 21 7 19 24 17 
6 19 14 17 5 18 2 14 1 18 25 25 29 25 25 16 3 24 0 16 7 19 24 17 4 
19 14 17 5 23 2 14 1 18 2 25 29 25 25 25 3 24 0 16 3 19 24 17 4 31 
14 17 5 23 18 14 1 18 2 10 29 25 25 25 25 24 0 16 3 8 24 17 4 31 16 
18 29 6 19 12 10 1 18 2 12 25 25 25 25 6 8 0 16 3 10 16 21 7 19 10 
12 17 5 23 18 12 1 18 2 10 6 11 11 11 11 10 0 16 3 8 10 17 4 31 16 
17 5 23 18 29 1 18 2 10 1 11 11 11 11 11 0 16 3 8 0 17 4 31 16 21 
5 23 18 29 6 18 2 10 1 18 11 11 11 11 11 16 3 8 0 16 4 31 16 21 7 
23 18 29 6 19 2 10 1 18 2 11 11 11 11 11 3 8 0 16 3 31 16 21 7 19 
18 29 6 19 26 10 1 18 2 26 11 11 11 11 19 8 0 16 3 12 16 21 7 19 12 
29 6 19 26 17 1 18 2 26 1 11 11 11 19 11 0 16 3 12 0 21 7 19 12 17 
6 19 26 17 5 18 2 26 1 18 11 11 19 11 11 16 3 12 0 16 7 19 12 17 4 
19 26 17 5 23 2 26 1 18 2 11 19 11 11 11 3 12 0 16 3 19 12 17 4 31 
26 17 5 23 18 26 1 18 2 10 19 11 11 11 11 12 0 16 3 8 12 17 4 31 16 
1 18 2 10 1 25 25 25 25 25 0 16 3 8 0 17 4 31 16 21 1 22 2 8 1 
18 2 10 1 18 25 25 25 25 25 16 3 8 0 16 4 31 16 21 7 22 2 8 1 30 
2 10 1 18 2 25 25 25 25 25 3 8 0 16 3 31 16 21 7 19 2 8 1 30 2 
10 1 18 2 14 25 25 25 25 29 8 0 16 3 24 16 21 7 19 24 8 1 30 2 24 
1 18 2 14 1 25 25 25 29 25 0 16 3 24 0 21 7 19 24 17 1 30 2 24 1 
18 2 14 1 18 25 25 29 25 25 16 3 24 0 16 7 19 24 17 4 30 2 24 1 22 
2 14 1 18 2 25 29 25 25 25 3 24 0 16 3 19 24 17 4 31 2 24 1 22 2 
14 1 18 2 10 29 25 25 25 25 24 0 16 3 8 24 17 4 31 16 24 1 22 2 8 
10 1 18 2 12 25 25 25 25 6 8 0 16 3 10 16 21 7 19 10 8 1 30 2 10 
12 1 18 2 10 6 11 11 11 11 10 0 16 3 8 10 17 4 31 16 10 1 22 2 8 
1 18 2 10 1 11 11 11 11 11 0 16 3 8 0 17 4 31 16 21 1 22 2 8 1 
18 2 10 1 18 11 11 11 11 11 16 3 8 0 16 4 31 16 21 7 22 2 8 1 30 
2 10 1 18 2 11 11 11 11 11 3 8 0 16 3 31 16 21 7 19 2 8 1 30 2 
10 1 18 2 26 11 11 11 11 19 8 0 16 3 12 16 21 7 19 12 8 1 30 2 12 
1 18 2 26 1 11 11 11 19 11 0 16 3 12 0 21 7 19 12 17 1 30 2 12 1 
18 2 26 1 18 11 11 19 11 11 16 3 12 0 16 7 19 12 17 4 30 2 12 1 22 
2 26 1 18 2 11 19 11 11 11 3 12 0 16 3 19 12 17 4 31 2 12 1 22 2 
26 1 18 2 10 19 11 11 11 11 12 0 16 3 8 12 17 4 31 16 12 1 22 2 8 
25 25 25 25 25 0 16 3 8 0 17 4 31 16 21 1 22 2 8 1 9 17 9 4 27 
25 25 25 25 25 16 3 8 0 16 4 31 16 21 7 22 2 8 1 30 17 9 4 27 31 
25 25 25 25 25 3 8 0 16 3 31 16 21 7 19 2 8 1 30 2 9 4 27 31 27 
25 25 25 25 29 8 0 16 3 24 16 21 7 19 24 8 1 30 2 24 4 27 31 27 28 
25 25 25 29 25 0 16 3 24 0 21 7 19 24 17 1 30 2 24 1 27 31 27 28 13 
25 25 29 25 25 16 3 24 0 16 7 19 24 17 4 30 2 24 1 22 31 27 28 13 21 
25 29 25 25 25 3 24 0 16 3 19 24 17 4 31 2 24 1 22 2 27 28 13 21 13 
29 25 25 25 25 24 0 16 3 8 24 17 4 31 16 24 1 22 2 8 28 13 21 13 7 
25 25 25 25 25 0 16 3 8 0 17 4 31 16 21 1 22 2 8 1 13 21 13 7 11 
25 25 25 25 25 16 3 8 0 16 4 31 16 21 7 22 2 8 1 30 21 13 7 11 19 
25 25 25 25 25 3 8 0 16 3 31 16 21 7 19 2 8 1 30 2 13 7 11 19 11 
25 25 25 25 6 8 0 16 3 10 16 21 7 19 10 8 1 30 2 10 7 11 19 11 10 
25 25 25 6 11 0 16 3 10 0 21 7 19 10 17 1 30 2 10 1 11 19 11 10 9 
25 25 6 11 11 16 3 10 0 16 7 19 10 17 4 30 2 10 1 22 19 11 10 9 17 
25 6 11 11 11 3 10 0 16 3 19 10 17 4 31 2 10 1 22 2 11 10 9 17 9 
6 11 11 11 11 10 0 16 3 8 10 17 4 31 16 10 1 22 2 8 10 9 17 9 4 
11 11 11 11 11 0 16 3 8 0 17 4 31 16 21 1 22 2 8 1 9 17 9 4 27 
11 11 11 11 11 16 3 8 0 16 4 31 16 21 7 22 2 8 1 30 17 9 4 27 31 
11 11 11 11 11 3 8 0 16 3 31 16 21 7 19 2 8 1 30 2 9 4 27 31 27 
11 11 11 11 19 8 0 16 3 12 16 21 7 19 12 8 1 30 2 12 4 27 31 27 20 
11 11 11 19 11 0 16 3 12 0 21 7 19 12 17 1 30 2 12 1 27 31 27 20 13 
11 11 19 11 11 16 3 12 0 16 7 19 12 17 4 30 2 12 1 22 31 27 20 13 21 
11 19 11 11 11 3 12 0 16 3 19 12 17 4 31 2 12 1 22 2 27 20 13 21 13 
19 11 11 11 11 12 0 16 3 8 12 17 4 31 16 12 1 22 2 8 20 13 21 13 7 
11 11 11 11 11 0 16 3 8 0 17 4 31 16 21 1 22 2 8 1 13 21 13 7 11 
11 11 11 11 11 16 3 8 0 16 4 31 16 21 7 22 2 8 1 30 21 13 7 11 19 
11 11 11 11 11 3 8 0 16 3 31 16 21 7 19 2 8 1 30 2 13 7 11 19 11 
9 17 9 5 15 0 28 3 10 0 17 5 23 18 29 1 18 2 10 1 13 13 13 13 13 
17 9 5 15 23 28 3 10 0 20 5 23 18 29 6 18 2 10 1 18 13 13 13 13 13 
9 5 15 23 15 3 10 0 20 3 23 18 29 6 19 2 10 1 18 2 13 13 13 13 13 
5 15 23 15 22 10 0 20 3 14 18 29 6 19 14 10 1 18 2 14 13 13 13 13 21 
15 23 15 22 25 0 20 3 14 0 29 6 19 14 17 1 18 2 14 1 13 13 13 21 13 
23 15 22 25 29 20 3 14 0 28 6 19 14 17 5 18 2 14 1 18 13 13 21 13 13 
15 22 25 29 25 3 14 0 28 3 19 14 17 5 23 2 14 1 18 2 13 21 13 13 13 
22 25 29 25 6 14 0 28 3 10 14 17 5 23 18 14 1 18 2 10 21 13 13 13 13 
25 29 25 6 11 0 28 3 10 0 17 5 23 18 29 1 18 2 10 1 13 13 13 13 13 
29 25 6 11 19 28 3 10 0 20 5 23 18 29 6 18 2 10 1 18 13 13 13 13 13 
25 6 11 19 11 3 10 0 20 3 23 18 29 6 19 2 10 1 18 2 13 13 13 13 13 
6 11 19 11 8 10 0 20 3 8 18 29 6 19 8 10 1 18 2 8 13 13 13 13 7 
11 19 11 8 9 0 20 3 8 0 29 6 19 8 17 1 18 2 8 1 13 13 13 7 11 
19 11 8 9 17 20 3 8 0 28 6 19 8 17 5 18 2 8 1 18 13 13 7 11 11 
11 8 9 17 9 3 8 0 28 3 19 8 17 5 23 2 8 1 18 2 13 7 11 11 11 
8 9 17 9 5 8 0 28 3 10 8 17 5 23 18 8 1 18 2 10 7 11 11 11 11 
0 28 3 10 0 17 5 23 18 29 1 18 2 10 1 13 13 13 13 13 0 16 3 8 0 
28 3 10 0 20 5 23 18 29 6 18 2 10 1 18 13 13 13 13 13 16 3 8 0 16 
3 10 0 20 3 23 18 29 6 19 2 10 1 18 2 13 13 13 13 13 3 8 0 16 3 
10 0 20 3 14 18 29 6 19 14 10 1 18 2 14 13 13 13 13 21 8 0 16 3 24 
0 20 3 14 0 29 6 19 14 17 1 18 2 14 1 13 13 13 21 13 0 16 3 24 0 
20 3 14 0 28 6 19 14 17 5 18 2 14 1 18 13 13 21 13 13 16 3 24 0 16 
3 14 0 28 3 19 14 17 5 23 2 14 1 18 2 13 21 13 13 13 3 24 0 16 3 
14 0 28 3 10 14 17 5 23 18 14 1 18 2 10 21 13 13 13 13 24 0 16 3 8 
10 0 20 3 8 18 29 6 19 8 10 1 18 2 8 13 13 13 13 7 8 0 16 3 26 
8 0 28 3 10 8 17 5 23 18 8 1 18 2 10 7 11 11 11 11 26 0 16 3 8 
17 5 23 18 29 1 18 2 10 1 13 13 13 13 13 0 16 3 8 0 17 4 31 16 21 
5 23 18 29 6 18 2 10 1 18 13 13 13 13 13 16 3 8 0 16 4 31 16 21 7 
23 18 29 6 19 2 10 1 18 2 13 13 13 13 13 3 8 0 16 3 31 16 21 7 19 
18 29 6 19 14 10 1 18 2 14 13 13 13 13 21 8 0 16 3 24 16 21 7 19 24 
29 6 19 14 17 1 18 2 14 1 13 13 13 21 13 0 16 3 24 0 21 7 19 24 17 
6 19 14 17 5 18 2 14 1 18 13 13 21 13 13 16 3 24 0 16 7 19 24 17 4 
19 14 17 5 23 2 14 1 18 2 13 21 13 13 13 3 24 0 16 3 19 24 17 4 31 
14 17 5 23 18 14 1 18 2 10 21 13 13 13 13 24 0 16 3 8 24 17 4 31 16 
18 29 6 19 8 10 1 18 2 8 13 13 13 13 7 8 0 16 3 26 16 21 7 19 26 
8 17 5 23 18 8 1 18 2 10 7 11 11 11 11 26 0 16 3 8 26 17 4 31 16 
1 18 2 10 1 13 13 13 13 13 0 16 3 8 0 17 4 31 16 21 1 22 2 8 1 
18 2 10 1 18 13 13 13 13 13 16 3 8 0 16 4 31 16 21 7 22 2 8 1 30 
2 10 1 18 2 13 13 13 13 13 3 8 0 16 3 31 16 21 7 19 2 8 1 30 2 
10 1 18 2 14 13 13 13 13 21 8 0 16 3 24 16 21 7 19 24 8 1 30 2 24 
1 18 2 14 1 13 13 13 21 13 0 16 3 24 0 21 7 19 24 17 1 30 2 24 1 
18 2 14 1 18 13 13 21 13 13 16 3 24 0 16 7 19 24 17 4 30 2 24 1 22 
2 14 1 18 2 13 21 13 13 13 3 24 0 16 3 19 24 17 4 31 2 24 1 22 2 
14 1 18 2 10 21 13 13 13 13 24 0 16 3 8 24 17 4 31 16 24 1 22 2 8 
10 1 18 2 8 13 13 13 13 7 8 0 16 3 26 16 21 7 19 26 8 1 30 2 26 
8 1 18 2 10 7 11 11 11 11 26 0 16 3 8 26 17 4 31 16 26 1 22 2 8 
13 13 13 13 13 0 16 3 8 0 17 4 31 16 21 1 22 2 8 1 9 17 9 4 27 
13 13 13 13 13 16 3 8 0 16 4 31 16 21 7 22 2 8 1 30 17 9 4 27 31 
13 13 13 13 13 3 8 0 16 3 31 16 21 7 19 2 8 1 30 2 9 4 27 31 27 
13 13 13 13 21 8 0 16 3 24 16 21 7 19 24 8 1 30 2 24 4 27 31 27 28 
13 13 13 21 13 0 16 3 24 0 21 7 19 24 17 1 30 2 24 1 27 31 27 28 13 
13 13 21 13 13 16 3 24 0 16 7 19 24 17 4 30 2 24 1 22 31 27 28 13 21 
13 21 13 13 13 3 24 0 16 3 19 24 17 4 31 2 24 1 22 2 27 28 13 21 13 
21 13 13 13 13 24 0 16 3 8 24 17 4 31 16 24 1 22 2 8 28 13 21 13 7 
13 13 13 13 13 0 16 3 8 0 17 4 31 16 21 1 22 2 8 1 13 21 13 7 11 
13 13 13 13 13 16 3 8 0 16 4 31 16 21 7 22 2 8 1 30 21 13 7 11 19 
13 13 13 13 13 3 8 0 16 3 31 16 21 7 19 2 8 1 30 2 13 7 11 19 11 
13 13 13 13 7 8 0 16 3 26 16 21 7 19 26 8 1 30 2 26 7 11 19 11 26 
13 13 13 7 11 0 16 3 26 0 21 7 19 26 17 1 30 2 26 1 11 19 11 26 9 
13 13 7 11 11 16 3 26 0 16 7 19 26 17 4 30 2 26 1 22 19 11 26 9 17 
13 7 11 11 11 3 26 0 16 3 19 26 17 4 31 2 26 1 22 2 11 26 9 17 9 
7 11 11 11 11 26 0 16 3 8 26 17 4 31 16 26 1 22 2 8 26 9 17 9 4 
8 0 16 3 26 16 21 7 19 26 8 1 30 2 26 7 11 19 11 26 26 0 20 3 26 
0 16 3 26 0 21 7 19 26 17 1 30 2 26 1 11 19 11 26 9 0 20 3 26 0 
16 3 26 0 16 7 19 26 17 4 30 2 26 1 22 19 11 26 9 17 20 3 26 0 28 
3 26 0 16 3 19 26 17 4 31 2 26 1 22 2 11 26 9 17 9 3 26 0 28 3 
26 0 16 3 8 26 17 4 31 16 26 1 22 2 8 26 9 17 9 4 26 0 28 3 14 
16 21 7 19 26 8 1 30 2 26 7 11 19 11 26 26 0 20 3 26 30 29 6 19 26 
21 7 19 26 17 1 30 2 26 1 11 19 11 26 9 0 20 3 26 0 29 6 19 26 17 
7 19 26 17 4 30 2 26 1 22 19 11 26 9 17 20 3 26 0 28 6 19 26 17 5 
19 26 17 4 31 2 26 1 22 2 11 26 9 17 9 3 26 0 28 3 19 26 17 5 23 
26 17 4 31 16 26 1 22 2 8 26 9 17 9 4 26 0 28 3 14 26 17 5 23 22 
8 1 30 2 26 7 11 19 11 26 26 0 20 3 26 30 29 6 19 26 26 1 18 2 26 
1 30 2 26 1 11 19 11 26 9 0 20 3 26 0 29 6 19 26 17 1 18 2 26 1 
30 2 26 1 22 19 11 26 9 17 20 3 26 0 28 6 19 26 17 5 18 2 26 1 18 
2 26 1 22 2 11 26 9 17 9 3 26 0 28 3 19 26 17 5 23 2 26 1 18 2 
26 1 22 2 8 26 9 17 9 4 26 0 28 3 14 26 17 5 23 22 26 1 18 2 14 
7 11 19 11 26 26 0 20 3 26 30 29 6 19 26 26 1 18 2 26 23 15 15 15 30 
11 19 11 26 9 0 20 3 26 0 29 6 19 26 17 1 18 2 26 1 15 15 15 30 25 
19 11 26 9 17 20 3 26 0 28 6 19 26 17 5 18 2 26 1 18 15 15 30 25 25 
11 26 9 17 9 3 26 0 28 3 19 26 17 5 23 2 26 1 18 2 15 30 25 25 25 
26 9 17 9 4 26 0 28 3 14 26 17 5 23 22 26 1 18 2 14 30 25 25 25 29 
26 0 20 3 26 30 29 6 19 26 26 1 18 2 26 23 15 15 15 30 12 0 16 3 26 
0 20 3 26 0 29 6 19 26 17 1 18 2 26 1 15 15 15 30 25 0 16 3 26 0 
20 3 26 0 28 6 19 26 17 5 18 2 26 1 18 15 15 30 25 25 16 3 26 0 16 
3 26 0 28 3 19 26 17 5 23 2 26 1 18 2 15 30 25 25 25 3 26 0 16 3 
26 0 28 3 14 26 17 5 23 22 26 1 18 2 14 30 25 25 25 29 26 0 16 3 24 
30 29 6 19 26 26 1 18 2 26 23 15 15 15 30 12 0 16 3 26 20 21 7 19 26 
29 6 19 26 17 1 18 2 26 1 15 15 15 30 25 0 16 3 26 0 21 7 19 26 17 
6 19 26 17 5 18 2 26 1 18 15 15 30 25 25 16 3 26 0 16 7 19 26 17 4 
19 26 17 5 23 2 26 1 18 2 15 30 25 25 25 3 26 0 16 3 19 26 17 4 31 
26 17 5 23 22 26 1 18 2 14 30 25 25 25 29 26 0 16 3 24 26 17 4 31 28 
26 1 18 2 26 23 15 15 15 30 12 0 16 3 26 20 21 7 19 26 12 1 30 2 26 
1 18 2 26 1 15 15 15 30 25 0 16 3 26 0 21 7 19 26 17 1 30 2 26 1 
18 2 26 1 18 15 15 30 25 25 16 3 26 0 16 7 19 26 17 4 30 2 26 1 22 
2 26 1 18 2 15 30 25 25 25 3 26 0 16 3 19 26 17 4 31 2 26 1 22 2 
26 1 18 2 14 30 25 25 25 29 26 0 16 3 24 26 17 4 31 28 26 1 22 2 24 
23 15 15 15 30 12 0 16 3 26 20 21 7 19 26 12 1 30 2 26 6 11 19 11 26 
15 15 15 30 25 0 16 3 26 0 21 7 19 26 17 1 30 2 26 1 11 19 11 26 9 
15 15 30 25 25 16 3 26 0 16 7 19 26 17 4 30 2 26 1 22 19 11 26 9 17 
15 30 25 25 25 3 26 0 16 3 19 26 17 4 31 2 26 1 22 2 11 26 9 17 9 
30 25 25 25 29 26 0 16 3 24 26 17 4 31 28 26 1 22 2 24 26 9 17 9 5 
12 0 16 3 26 20 21 7 19 26 12 1 30 2 26 6 11 19 11 26 10 0 20 3 26 
26 0 16 3 24 26 17 4 31 28 26 1 22 2 24 26 9 17 9 5 26 0 28 3 10 
20 21 7 19 26 12 1 30 2 26 6 11 19 11 26 10 0 20 3 26 18 29 6 19 26 
26 17 4 31 28 26 1 22 2 24 26 9 17 9 5 26 0 28 3 10 26 17 5 23 18 
12 1 30 2 26 6 11 19 11 26 10 0 20 3 26 18 29 6 19 26 10 1 18 2 26 
26 1 22 2 24 26 9 17 9 5 26 0 28 3 10 26 17 5 23 18 26 1 18 2 10 
7 11 19 11 8 26 0 20 3 8 30 29 6 19 8 26 1 18 2 8 19 11 11 11 8 
11 19 11 8 9 0 20 3 8 0 29 6 19 8 17 1 18 2 8 1 11 11 11 8 9 
19 11 8 9 17 20 3 8 0 28 6 19 8 17 5 18 2 8 1 18 11 11 8 9 9 
11 8 9 17 9 3 8 0 28 3 19 8 17 5 23 2 8 1 18 2 11 8 9 9 9 
8 9 17 9 4 8 0 28 3 14 8 17 5 23 22 8 1 18 2 14 8 9 9 9 17 
26 0 20 3 8 30 29 6 19 8 26 1 18 2 8 19 11 11 11 8 12 0 16 3 8 
0 20 3 8 0 29 6 19 8 17 1 18 2 8 1 11 11 11 8 9 0 16 3 8 0 
20 3 8 0 28 6 19 8 17 5 18 2 8 1 18 11 11 8 9 9 16 3 8 0 16 
3 8 0 28 3 19 8 17 5 23 2 8 1 18 2 11 8 9 9 9 3 8 0 16 3 
8 0 28 3 14 8 17 5 23 22 8 1 18 2 14 8 9 9 9 17 8 0 16 3 24 
30 29 6 19 8 26 1 18 2 8 19 11 11 11 8 12 0 16 3 8 20 21 7 19 8 
29 6 19 8 17 1 18 2 8 1 11 11 11 8 9 0 16 3 8 0 21 7 19 8 17 
6 19 8 17 5 18 2 8 1 18 11 11 8 9 9 16 3 8 0 16 7 19 8 17 4 
19 8 17 5 23 2 8 1 18 2 11 8 9 9 9 3 8 0 16 3 19 8 17 4 31 
8 17 5 23 22 8 1 18 2 14 8 9 9 9 17 8 0 16 3 24 8 17 4 31 28 
26 1 18 2 8 19 11 11 11 8 12 0 16 3 8 20 21 7 19 8 12 1 30 2 8 
1 18 2 8 1 11 11 11 8 9 0 16 3 8 0 21 7 19 8 17 1 30 2 8 1 
18 2 8 1 18 11 11 8 9 9 16 3 8 0 16 7 19 8 17 4 30 2 8 1 22 
2 8 1 18 2 11 8 9 9 9 3 8 0 16 3 19 8 17 4 31 2 8 1 22 2 
8 1 18 2 14 8 9 9 9 17 8 0 16 3 24 8 17 4 31 28 8 1 22 2 24 
19 11 11 11 8 12 0 16 3 8 20 21 7 19 8 12 1 30 2 8 6 11 19 11 8 
11 11 11 8 9 0 16 3 8 0 21 7 19 8 17 1 30 2 8 1 11 19 11 8 9 
11 11 8 9 9 16 3 8 0 16 7 19 8 17 4 30 2 8 1 22 19 11 8 9 17 
11 8 9 9 9 3 8 0 16 3 19 8 17 4 31 2 8 1 22 2 11 8 9 17 9 
8 9 9 9 17 8 0 16 3 24 8 17 4 31 28 8 1 22 2 24 8 9 17 9 5 
6 11 19 11 8 10 0 20 3 8 18 29 6 19 8 10 1 18 2 8 27 27 27 27 16 
8 9 17 9 5 8 0 28 3 10 8 17 5 23 18 8 1 18 2 10 16 13 13 13 13 
10 0 20 3 8 18 29 6 19 8 10 1 18 2 8 27 27 27 27 16 8 0 16 3 8 
8 0 28 3 10 8 17 5 23 18 8 1 18 2 10 16 13 13 13 13 8 0 16 3 8 
18 29 6 19 8 10 1 18 2 8 27 27 27 27 16 8 0 16 3 8 16 21 7 19 8 
8 17 5 23 18 8 1 18 2 10 16 13 13 13 13 8 0 16 3 8 8 17 4 31 16 
10 1 18 2 8 27 27 27 27 16 8 0 16 3 8 16 21 7 19 8 8 1 30 2 8 
8 1 18 2 10 16 13 13 13 13 8 0 16 3 8 8 17 4 31 16 8 1 22 2 8 
27 27 27 27 16 8 0 16 3 8 16 21 7 19 8 8 1 30 2 8 7 11 19 11 8 
16 13 13 13 13 8 0 16 3 8 8 17 4 31 16 8 1 22 2 8 8 9 17 9 4 
5 15 23 15 18 10 0 20 3 10 18 29 6 19 10 10 1 18 2 10 9 9 9 9 9 
15 23 15 18 25 0 20 3 10 0 29 6 19 10 17 1 18 2 10 1 9 9 9 9 9 
23 15 18 25 29 20 3 10 0 28 6 19 10 17 5 18 2 10 1 18 9 9 9 9 9 
15 18 25 29 25 3 10 0 28 3 19 10 17 5 23 2 10 1 18 2 9 9 9 9 9 
18 25 29 25 6 10 0 28 3 10 10 17 5 23 18 10 1 18 2 10 9 9 9 9 9 
6 11 19 11 14 10 0 20 3 14 18 29 6 19 14 10 1 18 2 14 9 9 9 9 17 
11 19 11 14 9 0 20 3 14 0 29 6 19 14 17 1 18 2 14 1 9 9 9 17 9 
19 11 14 9 17 20 3 14 0 28 6 19 14 17 5 18 2 14 1 18 9 9 17 9 9 
11 14 9 17 9 3 14 0 28 3 19 14 17 5 23 2 14 1 18 2 9 17 9 9 9 
14 9 17 9 5 14 0 28 3 10 14 17 5 23 18 14 1 18 2 10 17 9 9 9 9 
5 15 23 15 18 10 0 20 3 10 18 29 6 19 10 10 1 18 2 10 27 27 27 27 27 
15 23 15 18 25 0 20 3 10 0 29 6 19 10 17 1 18 2 10 1 27 27 27 27 27 
23 15 18 25 29 20 3 10 0 28 6 19 10 17 5 18 2 10 1 18 27 27 27 27 27 
15 18 25 29 25 3 10 0 28 3 19 10 17 5 23 2 10 1 18 2 27 27 27 27 27 
18 25 29 25 6 10 0 28 3 10 10 17 5 23 18 10 1 18 2 10 27 27 27 27 27 
6 11 19 11 26 10 0 20 3 26 18 29 6 19 26 10 1 18 2 26 27 27 27 27 31 
11 19 11 26 9 0 20 3 26 0 29 6 19 26 17 1 18 2 26 1 27 27 27 31 27 
19 11 26 9 17 20 3 26 0 28 6 19 26 17 5 18 2 26 1 18 27 27 31 27 27 
11 26 9 17 9 3 26 0 28 3 19 26 17 5 23 2 26 1 18 2 27 31 27 27 27 
26 9 17 9 5 26 0 28 3 10 26 17 5 23 18 26 1 18 2 10 31 27 27 27 27 
10 0 20 3 10 18 29 6 19 10 10 1 18 2 10 9 9 9 9 9 8 0 16 3 8 
0 20 3 10 0 29 6 19 10 17 1 18 2 10 1 9 9 9 9 9 0 16 3 8 0 
20 3 10 0 28 6 19 10 17 5 18 2 10 1 18 9 9 9 9 9 16 3 8 0 16 
3 10 0 28 3 19 10 17 5 23 2 10 1 18 2 9 9 9 9 9 3 8 0 16 3 
10 0 28 3 10 10 17 5 23 18 10 1 18 2 10 9 9 9 9 9 8 0 16 3 8 
10 0 20 3 10 18 29 6 19 10 10 1 18 2 10 27 27 27 27 27 8 0 16 3 8 
0 20 3 10 0 29 6 19 10 17 1 18 2 10 1 27 27 27 27 27 0 16 3 8 0 
20 3 10 0 28 6 19 10 17 5 18 2 10 1 18 27 27 27 27 27 16 3 8 0 16 
3 10 0 28 3 19 10 17 5 23 2 10 1 18 2 27 27 27 27 27 3 8 0 16 3 
10 0 28 3 10 10 17 5 23 18 10 1 18 2 10 27 27 27 27 27 8 0 16 3 8 
18 29 6 19 10 10 1 18 2 10 9 9 9 9 9 8 0 16 3 8 16 21 7 19 8 
29 6 19 10 17 1 18 2 10 1 9 9 9 9 9 0 16 3 8 0 21 7 19 8 17 
6 19 10 17 5 18 2 10 1 18 9 9 9 9 9 16 3 8 0 16 7 19 8 17 4 
19 10 17 5 23 2 10 1 18 2 9 9 9 9 9 3 8 0 16 3 19 8 17 4 31 
10 17 5 23 18 10 1 18 2 10 9 9 9 9 9 8 0 16 3 8 8 17 4 31 16 
18 29 6 19 10 10 1 18 2 10 27 27 27 27 27 8 0 16 3 8 16 21 7 19 8 
29 6 19 10 17 1 18 2 10 1 27 27 27 27 27 0 16 3 8 0 21 7 19 8 17 
6 19 10 17 5 18 2 10 1 18 27 27 27 27 27 16 3 8 0 16 7 19 8 17 4 
19 10 17 5 23 2 10 1 18 2 27 27 27 27 27 3 8 0 16 3 19 8 17 4 31 
10 17 5 23 18 10 1 18 2 10 27 27 27 27 27 8 0 16 3 8 8 17 4 31 16 
10 1 18 2 10 9 9 9 9 9 8 0 16 3 8 16 21 7 19 8 8 1 30 2 8 
1 18 2 10 1 9 9 9 9 9 0 16 3 8 0 21 7 19 8 17 1 30 2 8 1 
18 2 10 1 18 9 9 9 9 9 16 3 8 0 16 7 19 8 17 4 30 2 8 1 22 
2 10 1 18 2 9 9 9 9 9 3 8 0 16 3 19 8 17 4 31 2 8 1 22 2 
10 1 18 2 10 9 9 9 9 9 8 0 16 3 8 8 17 4 31 16 8 1 22 2 8 
10 1 18 2 10 27 27 27 27 27 8 0 16 3 8 16 21 7 19 8 8 1 30 2 8 
1 18 2 10 1 27 27 27 27 27 0 16 3 8 0 21 7 19 8 17 1 30 2 8 1 
18 2 10 1 18 27 27 27 27 27 16 3 8 0 16 7 19 8 17 4 30 2 8 1 22 
2 10 1 18 2 27 27 27 27 27 3 8 0 16 3 19 8 17 4 31 2 8 1 22 2 
10 1 18 2 10 27 27 27 27 27 8 0 16 3 8 8 17 4 31 16 8 1 22 2 8 
9 9 9 9 9 8 0 16 3 8 16 21 7 19 8 8 1 30 2 8 4 27 31 27 16 
9 9 9 9 9 0 16 3 8 0 21 7 19 8 17 1 30 2 8 1 27 31 27 16 13 
9 9 9 9 9 16 3 8 0 16 7 19 8 17 4 30 2 8 1 22 31 27 16 13 21 
9 9 9 9 9 3 8 0 16 3 19 8 17 4 31 2 8 1 22 2 27 16 13 21 13 
9 9 9 9 9 8 0 16 3 8 8 17 4 31 16 8 1 22 2 8 16 13 21 13 7 
9 9 9 9 17 8 0 16 3 24 16 21 7 19 24 8 1 30 2 24 7 11 19 11 24 
9 9 9 17 9 0 16 3 24 0 21 7 19 24 17 1 30 2 24 1 11 19 11 24 9 
9 9 17 9 9 16 3 24 0 16 7 19 24 17 4 30 2 24 1 22 19 11 24 9 17 
9 17 9 9 9 3 24 0 16 3 19 24 17 4 31 2 24 1 22 2 11 24 9 17 9 
17 9 9 9 9 24 0 16 3 8 24 17 4 31 16 24 1 22 2 8 24 9 17 9 4 
27 27 27 27 27 8 0 16 3 8 16 21 7 19 8 8 1 30 2 8 4 27 31 27 16 
27 27 27 27 27 0 16 3 8 0 21 7 19 8 17 1 30 2 8 1 27 31 27 16 13 
27 27 27 27 27 16 3 8 0 16 7 19 8 17 4 30 2 8 1 22 31 27 16 13 21 
27 27 27 27 27 3 8 0 16 3 19 8 17 4 31 2 8 1 22 2 27 16 13 21 13 
27 27 27 27 27 8 0 16 3 8 8 17 4 31 16 8 1 22 2 8 16 13 21 13 7 
27 27 27 27 31 8 0 16 3 12 16 21 7 19 12 8 1 30 2 12 7 11 19 11 12 
27 27 27 31 27 0 16 3 12 0 21 7 19 12 17 1 30 2 12 1 11 19 11 12 9 
27 27 31 27 27 16 3 12 0 16 7 19 12 17 4 30 2 12 1 22 19 11 12 9 17 
27 31 27 27 27 3 12 0 16 3 19 12 17 4 31 2 12 1 22 2 11 12 9 17 9 
31 27 27 27 27 12 0 16 3 8 12 17 4 31 16 12 1 22 2 8 12 9 17 9 4 
7 11 19 11 14 26 0 20 3 14 30 29 6 19 14 26 1 18 2 14 19 11 11 11 14 
11 19 11 14 9 0 20 3 14 0 29 6 19 14 17 1 18 2 14 1 11 11 11 14 9 
19 11 14 9 17 20 3 14 0 28 6 19 14 17 5 18 2 14 1 18 11 11 14 9 9 
11 14 9 17 9 3 14 0 28 3 19 14 17 5 23 2 14 1 18 2 11 14 9 9 9 
14 9 17 9 4 14 0 28 3 14 14 17 5 23 22 14 1 18 2 14 14 9 9 9 17 
26 0 20 3 14 30 29 6 19 14 26 1 18 2 14 19 11 11 11 14 12 0 16 3 14 
0 20 3 14 0 29 6 19 14 17 1 18 2 14 1 11 11 11 14 9 0 16 3 14 0 
20 3 14 0 28 6 19 14 17 5 18 2 14 1 18 11 11 14 9 9 16 3 14 0 16 
3 14 0 28 3 19 14 17 5 23 2 14 1 18 2 11 14 9 9 9 3 14 0 16 3 
14 0 28 3 14 14 17 5 23 22 14 1 18 2 14 14 9 9 9 17 14 0 16 3 24 
30 29 6 19 14 26 1 18 2 14 19 11 11 11 14 12 0 16 3 14 20 21 7 19 14 
29 6 19 14 17 1 18 2 14 1 11 11 11 14 9 0 16 3 14 0 21 7 19 14 17 
6 19 14 17 5 18 2 14 1 18 11 11 14 9 9 16 3 14 0 16 7 19 14 17 4 
19 14 17 5 23 2 14 1 18 2 11 14 9 9 9 3 14 0 16 3 19 14 17 4 31 
14 17 5 23 22 14 1 18 2 14 14 9 9 9 17 14 0 16 3 24 14 17 4 31 28 
26 1 18 2 14 19 11 11 11 14 12 0 16 3 14 20 21 7 19 14 12 1 30 2 14 
1 18 2 14 1 11 11 11 14 9 0 16 3 14 0 21 7 19 14 17 1 30 2 14 1 
18 2 14 1 18 11 11 14 9 9 16 3 14 0 16 7 19 14 17 4 30 2 14 1 22 
2 14 1 18 2 11 14 9 9 9 3 14 0 16 3 19 14 17 4 31 2 14 1 22 2 
14 1 18 2 14 14 9 9 9 17 14 0 16 3 24 14 17 4 31 28 14 1 22 2 24 
19 11 11 11 14 12 0 16 3 14 20 21 7 19 14 12 1 30 2 14 6 11 19 11 14 
11 11 11 14 9 0 16 3 14 0 21 7 19 14 17 1 30 2 14 1 11 19 11 14 9 
11 11 14 9 9 16 3 14 0 16 7 19 14 17 4 30 2 14 1 22 19 11 14 9 17 
11 14 9 9 9 3 14 0 16 3 19 14 17 4 31 2 14 1 22 2 11 14 9 17 9 
14 9 9 9 17 14 0 16 3 24 14 17 4 31 28 14 1 22 2 24 14 9 17 9 5 
6 11 19 11 14 10 0 20 3 14 18 29 6 19 14 10 1 18 2 14 15 15 15 15 22 
14 9 17 9 5 14 0 28 3 10 14 17 5 23 18 14 1 18 2 10 22 25 25 25 25 
10 0 20 3 14 18 29 6 19 14 10 1 18 2 14 15 15 15 15 22 8 0 16 3 14 
14 0 28 3 10 14 17 5 23 18 14 1 18 2 10 22 25 25 25 25 14 0 16 3 8 
18 29 6 19 14 10 1 18 2 14 15 15 15 15 22 8 0 16 3 14 16 21 7 19 14 
14 17 5 23 18 14 1 18 2 10 22 25 25 25 25 14 0 16 3 8 14 17 4 31 16 
10 1 18 2 14 15 15 15 15 22 8 0 16 3 14 16 21 7 19 14 8 1 30 2 14 
14 1 18 2 10 22 25 25 25 25 14 0 16 3 8 14 17 4 31 16 14 1 22 2 8 
15 15 15 15 22 8 0 16 3 14 16 21 7 19 14 8 1 30 2 14 7 11 19 11 14 
22 25 25 25 25 14 0 16 3 8 14 17 4 31 16 14 1 22 2 8 14 9 17 9 4 
7 11 19 11 24 26 0 20 3 24 30 29 6 19 24 26 1 18 2 24 19 11 11 11 24 
11 19 11 24 9 0 20 3 24 0 29 6 19 24 17 1 18 2 24 1 11 11 11 24 9 
19 11 24 9 17 20 3 24 0 28 6 19 24 17 5 18 2 24 1 18 11 11 24 9 9 
11 24 9 17 9 3 24 0 28 3 19 24 17 5 23 2 24 1 18 2 11 24 9 9 9 
24 9 17 9 4 24 0 28 3 14 24 17 5 23 22 24 1 18 2 14 24 9 9 9 17 
26 0 20 3 24 30 29 6 19 24 26 1 18 2 24 19 11 11 11 24 12 0 16 3 24 
0 20 3 24 0 29 6 19 24 17 1 18 2 24 1 11 11 11 24 9 0 16 3 24 0 
20 3 24 0 28 6 19 24 17 5 18 2 24 1 18 11 11 24 9 9 16 3 24 0 16 
3 24 0 28 3 19 24 17 5 23 2 24 1 18 2 11 24 9 9 9 3 24 0 16 3 
24 0 28 3 14 24 17 5 23 22 24 1 18 2 14 24 9 9 9 17 24 0 16 3 24 
30 29 6 19 24 26 1 18 2 24 19 11 11 11 24 12 0 16 3 24 20 21 7 19 24 
29 6 19 24 17 1 18 2 24 1 11 11 11 24 9 0 16 3 24 0 21 7 19 24 17 
6 19 24 17 5 18 2 24 1 18 11 11 24 9 9 16 3 24 0 16 7 19 24 17 4 
19 24 17 5 23 2 24 1 18 2 11 24 9 9 9 3 24 0 16 3 19 24 17 4 31 
24 17 5 23 22 24 1 18 2 14 24 9 9 9 17 24 0 16 3 24 24 17 4 31 28 
26 1 18 2 24 19 11 11 11 24 12 0 16 3 24 20 21 7 19 24 12 1 30 2 24 
1 18 2 24 1 11 11 11 24 9 0 16 3 24 0 21 7 19 24 17 1 30 2 24 1 
18 2 24 1 18 11 11 24 9 9 16 3 24 0 16 7 19 24 17 4 30 2 24 1 22 
2 24 1 18 2 11 24 9 9 9 3 24 0 16 3 19 24 17 4 31 2 24 1 22 2 
24 1 18 2 14 24 9 9 9 17 24 0 16 3 24 24 17 4 31 28 24 1 22 2 24 
19 11 11 11 24 12 0 16 3 24 20 21 7 19 24 12 1 30 2 24 6 11 19 11 24 
11 11 11 24 9 0 16 3 24 0 21 7 19 24 17 1 30 2 24 1 11 19 11 24 9 
11 11 24 9 9 16 3 24 0 16 7 19 24 17 4 30 2 24 1 22 19 11 24 9 17 
11 24 9 9 9 3 24 0 16 3 19 24 17 4 31 2 24 1 22 2 11 24 9 17 9 
24 9 9 9 17 24 0 16 3 24 24 17 4 31 28 24 1 22 2 24 24 9 17 9 5 
6 11 19 11 24 10 0 20 3 24 18 29 6 19 24 10 1 18 2 24 27 27 27 27 28 
24 9 17 9 5 24 0 28 3 10 24 17 5 23 18 24 1 18 2 10 28 13 13 13 13 
10 0 20 3 24 18 29 6 19 24 10 1 18 2 24 27 27 27 27 28 8 0 16 3 24 
24 0 28 3 10 24 17 5 23 18 24 1 18 2 10 28 13 13 13 13 24 0 16 3 8 
18 29 6 19 24 10 1 18 2 24 27 27 27 27 28 8 0 16 3 24 16 21 7 19 24 
24 17 5 23 18 24 1 18 2 10 28 13 13 13 13 24 0 16 3 8 24 17 4 31 16 
10 1 18 2 24 27 27 27 27 28 8 0 16 3 24 16 21 7 19 24 8 1 30 2 24 
24 1 18 2 10 28 13 13 13 13 24 0 16 3 8 24 17 4 31 16 24 1 22 2 8 
27 27 27 27 28 8 0 16 3 24 16 21 7 19 24 8 1 30 2 24 7 11 19 11 24 
28 13 13 13 13 24 0 16 3 8 24 17 4 31 16 24 1 22 2 8 24 9 17 9 4 
5 15 23 15 18 10 0 20 3 10 18 29 6 19 10 10 1 18 2 10 15 15 15 15 15 
15 23 15 18 25 0 20 3 10 0 29 6 19 10 17 1 18 2 10 1 15 15 15 15 15 
23 15 18 25 29 20 3 10 0 28 6 19 10 17 5 18 2 10 1 18 15 15 15 15 15 
15 18 25 29 25 3 10 0 28 3 19 10 17 5 23 2 10 1 18 2 15 15 15 15 15 
18 25 29 25 6 10 0 28 3 10 10 17 5 23 18 10 1 18 2 10 15 15 15 15 15 
6 11 19 11 26 10 0 20 3 26 18 29 6 19 26 10 1 18 2 26 15 15 15 15 23 
11 19 11 26 9 0 20 3 26 0 29 6 19 26 17 1 18 2 26 1 15 15 15 23 15 
19 11 26 9 17 20 3 26 0 28 6 19 26 17 5 18 2 26 1 18 15 15 23 15 15 
11 26 9 17 9 3 26 0 28 3 19 26 17 5 23 2 26 1 18 2 15 23 15 15 15 
26 9 17 9 5 26 0 28 3 10 26 17 5 23 18 26 1 18 2 10 23 15 15 15 15 
10 0 20 3 10 18 29 6 19 10 10 1 18 2 10 15 15 15 15 15 8 0 16 3 8 
0 20 3 10 0 29 6 19 10 17 1 18 2 10 1 15 15 15 15 15 0 16 3 8 0 
20 3 10 0 28 6 19 10 17 5 18 2 10 1 18 15 15 15 15 15 16 3 8 0 16 
3 10 0 28 3 19 10 17 5 23 2 10 1 18 2 15 15 15 15 15 3 8 0 16 3 
10 0 28 3 10 10 17 5 23 18 10 1 18 2 10 15 15 15 15 15 8 0 16 3 8 
18 29 6 19 10 10 1 18 2 10 15 15 15 15 15 8 0 16 3 8 16 21 7 19 8 
29 6 19 10 17 1 18 2 10 1 15 15 15 15 15 0 16 3 8 0 21 7 19 8 17 
6 19 10 17 5 18 2 10 1 18 15 15 15 15 15 16 3 8 0 16 7 19 8 17 4 
19 10 17 5 23 2 10 1 18 2 15 15 15 15 15 3 8 0 16 3 19 8 17 4 31 
10 17 5 23 18 10 1 18 2 10 15 15 15 15 15 8 0 16 3 8 8 17 4 31 16 
10 1 18 2 10 15 15 15 15 15 8 0 16 3 8 16 21 7 19 8 8 1 30 2 8 
1 18 2 10 1 15 15 15 15 15 0 16 3 8 0 21 7 19 8 17 1 30 2 8 1 
18 2 10 1 18 15 15 15 15 15 16 3 8 0 16 7 19 8 17 4 30 2 8 1 22 
2 10 1 18 2 15 15 15 15 15 3 8 0 16 3 19 8 17 4 31 2 8 1 22 2 
10 1 18 2 10 15 15 15 15 15 8 0 16 3 8 8 17 4 31 16 8 1 22 2 8 
15 15 15 15 15 8 0 16 3 8 16 21 7 19 8 8 1 30 2 8 4 27 31 27 16 
15 15 15 15 15 0 16 3 8 0 21 7 19 8 17 1 30 2 8 1 27 31 27 16 13 
15 15 15 15 15 16 3 8 0 16 7 19 8 17 4 30 2 8 1 22 31 27 16 13 21 
15 15 15 15 15 3 8 0 16 3 19 8 17 4 31 2 8 1 22 2 27 16 13 21 13 
15 15 15 15 15 8 0 16 3 8 8 17 4 31 16 8 1 22 2 8 16 13 21 13 7 
15 15 15 15 23 8 0 16 3 12 16 21 7 19 12 8 1 30 2 12 7 11 19 11 12 
15 15 15 23 15 0 16 3 12 0 21 7 19 12 17 1 30 2 12 1 11 19 11 12 9 
15 15 23 15 15 16 3 12 0 16 7 19 12 17 4 30 2 12 1 22 19 11 12 9 17 
15 23 15 15 15 3 12 0 16 3 19 12 17 4 31 2 12 1 22 2 11 12 9 17 9 
23 15 15 15 15 12 0 16 3 8 12 17 4 31 16 12 1 22 2 8 12 9 17 9 4 
7 11 19 11 10 26 0 20 3 10 30 29 6 19 10 26 1 18 2 10 19 11 11 11 10 
11 19 11 10 9 0 20 3 10 0 29 6 19 10 17 1 18 2 10 1 11 11 11 10 9 
19 11 10 9 17 20 3 10 0 28 6 19 10 17 5 18 2 10 1 18 11 11 10 9 9 
11 10 9 17 9 3 10 0 28 3 19 10 17 5 23 2 10 1 18 2 11 10 9 9 9 
10 9 17 9 4 10 0 28 3 14 10 17 5 23 22 10 1 18 2 14 10 9 9 9 17 
26 0 20 3 10 30 29 6 19 10 26 1 18 2 10 19 11 11 11 10 12 0 16 3 10 
0 20 3 10 0 29 6 19 10 17 1 18 2 10 1 11 11 11 10 9 0 16 3 10 0 
20 3 10 0 28 6 19 10 17 5 18 2 10 1 18 11 11 10 9 9 16 3 10 0 16 
3 10 0 28 3 19 10 17 5 23 2 10 1 18 2 11 10 9 9 9 3 10 0 16 3 
10 0 28 3 14 10 17 5 23 22 10 1 18 2 14 10 9 9 9 17 10 0 16 3 24 
30 29 6 19 10 26 1 18 2 10 19 11 11 11 10 12 0 16 3 10 20 21 7 19 10 
29 6 19 10 17 1 18 2 10 1 11 11 11 10 9 0 16 3 10 0 21 7 19 10 17 
6 19 10 17 5 18 2 10 1 18 11 11 10 9 9 16 3 10 0 16 7 19 10 17 4 
19 10 17 5 23 2 10 1 18 2 11 10 9 9 9 3 10 0 16 3 19 10 17 4 31 
10 17 5 23 22 10 1 18 2 14 10 9 9 9 17 10 0 16 3 24 10 17 4 31 28 
26 1 18 2 10 19 11 11 11 10 12 0 16 3 10 20 21 7 19 10 12 1 30 2 10 
1 18 2 10 1 11 11 11 10 9 0 16 3 10 0 21 7 19 10 17 1 30 2 10 1 
18 2 10 1 18 11 11 10 9 9 16 3 10 0 16 7 19 10 17 4 30 2 10 1 22 
2 10 1 18 2 11 10 9 9 9 3 10 0 16 3 19 10 17 4 31 2 10 1 22 2 
10 1 18 2 14 10 9 9 9 17 10 0 16 3 24 10 17 4 31 28 10 1 22 2 24 
19 11 11 11 10 12 0 16 3 10 20 21 7 19 10 12 1 30 2 10 6 11 19 11 10 
11 11 11 10 9 0 16 3 10 0 21 7 19 10 17 1 30 2 10 1 11 19 11 10 9 
11 11 10 9 9 16 3 10 0 16 7 19 10 17 4 30 2 10 1 22 19 11 10 9 17 
11 10 9 9 9 3 10 0 16 3 19 10 17 4 31 2 10 1 22 2 11 10 9 17 9 
10 9 9 9 17 10 0 16 3 24 10 17 4 31 28 10 1 22 2 24 10 9 17 9 5 
6 11 19 11 10 10 0 20 3 10 18 29 6 19 10 10 1 18 2 10 15 15 15 15 18 
10 9 17 9 5 10 0 28 3 10 10 17 5 23 18 10 1 18 2 10 18 25 25 25 25 
10 0 20 3 10 18 29 6 19 10 10 1 18 2 10 15 15 15 15 18 8 0 16 3 10 
10 0 28 3 10 10 17 5 23 18 10 1 18 2 10 18 25 25 25 25 10 0 16 3 8 
18 29 6 19 10 10 1 18 2 10 15 15 15 15 18 8 0 16 3 10 16 21 7 19 10 
10 17 5 23 18 10 1 18 2 10 18 25 25 25 25 10 0 16 3 8 10 17 4 31 16 
10 1 18 2 10 15 15 15 15 18 8 0 16 3 10 16 21 7 19 10 8 1 30 2 10 
10 1 18 2 10 18 25 25 25 25 10 0 16 3 8 10 17 4 31 16 10 1 22 2 8 
15 15 15 15 18 8 0 16 3 10 16 21 7 19 10 8 1 30 2 10 7 11 19 11 10 
18 25 25 25 25 10 0 16 3 8 10 17 4 31 16 10 1 22 2 8 10 9 17 9 4 
7 11 19 11 12 26 0 20 3 12 30 29 6 19 12 26 1 18 2 12 19 11 11 11 12 
11 19 11 12 9 0 20 3 12 0 29 6 19 12 17 1 18 2 12 1 11 11 11 12 9 
19 11 12 9 17 20 3 12 0 28 6 19 12 17 5 18 2 12 1 18 11 11 12 9 9 
11 12 9 17 9 3 12 0 28 3 19 12 17 5 23 2 12 1 18 2 11 12 9 9 9 
12 9 17 9 4 12 0 28 3 14 12 17 5 23 22 12 1 18 2 14 12 9 9 9 17 
26 0 20 3 12 30 29 6 19 12 26 1 18 2 12 19 11 11 11 12 12 0 16 3 12 
0 20 3 12 0 29 6 19 12 17 1 18 2 12 1 11 11 11 12 9 0 16 3 12 0 
20 3 12 0 28 6 19 12 17 5 18 2 12 1 18 11 11 12 9 9 16 3 12 0 16 
3 12 0 28 3 19 12 17 5 23 2 12 1 18 2 11 12 9 9 9 3 12 0 16 3 
12 0 28 3 14 12 17 5 23 22 12 1 18 2 14 12 9 9 9 17 12 0 16 3 24 
30 29 6 19 12 26 1 18 2 12 19 11 11 11 12 12 0 16 3 12 20 21 7 19 12 
29 6 19 12 17 1 18 2 12 1 11 11 11 12 9 0 16 3 12 0 21 7 19 12 17 
6 19 12 17 5 18 2 12 1 18 11 11 12 9 9 16 3 12 0 16 7 19 12 17 4 
19 12 17 5 23 2 12 1 18 2 11 12 9 9 9 3 12 0 16 3 19 12 17 4 31 
12 17 5 23 22 12 1 18 2 14 12 9 9 9 17 12 0 16 3 24 12 17 4 31 28 
26 1 18 2 12 19 11 11 11 12 12 0 16 3 12 20 21 7 19 12 12 1 30 2 12 
1 18 2 12 1 11 11 11 12 9 0 16 3 12 0 21 7 19 12 17 1 30 2 12 1 
18 2 12 1 18 11 11 12 9 9 16 3 12 0 16 7 19 12 17 4 30 2 12 1 22 
2 12 1 18 2 11 12 9 9 9 3 12 0 16 3 19 12 17 4 31 2 12 1 22 2 
12 1 18 2 14 12 9 9 9 17 12 0 16 3 24 12 17 4 31 28 12 1 22 2 24 
19 11 11 11 12 12 0 16 3 12 20 21 7 19 12 12 1 30 2 12 6 11 19 11 12 
11 11 11 12 9 0 16 3 12 0 21 7 19 12 17 1 30 2 12 1 11 19 11 12 9 
11 11 12 9 9 16 3 12 0 16 7 19 12 17 4 30 2 12 1 22 19 11 12 9 17 
11 12 9 9 9 3 12 0 16 3 19 12 17 4 31 2 12 1 22 2 11 12 9 17 9 
12 9 9 9 17 12 0 16 3 24 12 17 4 31 28 12 1 22 2 24 12 9 17 9 5 
6 11 19 11 12 10 0 20 3 12 18 29 6 19 12 10 1 18 2 12 27 27 27 27 20 
12 9 17 9 5 12 0 28 3 10 12 17 5 23 18 12 1 18 2 10 20 13 13 13 13 
10 0 20 3 12 18 29 6 19 12 10 1 18 2 12 27 27 27 27 20 8 0 16 3 12 
12 0 28 3 10 12 17 5 23 18 12 1 18 2 10 20 13 13 13 13 12 0 16 3 8 
18 29 6 19 12 10 1 18 2 12 27 27 27 27 20 8 0 16 3 12 16 21 7 19 12 
12 17 5 23 18 12 1 18 2 10 20 13 13 13 13 12 0 16 3 8 12 17 4 31 16 
10 1 18 2 12 27 27 27 27 20 8 0 16 3 12 16 21 7 19 12 8 1 30 2 12 
12 1 18 2 10 20 13 13 13 13 12 0 16 3 8 12 17 4 31 16 12 1 22 2 8 
27 27 27 27 20 8 0 16 3 12 16 21 7 19 12 8 1 30 2 12 7 11 19 11 12 
20 13 13 13 13 12 0 16 3 8 12 17 4 31 16 12 1 22 2 8 12 9 17 9 4 
5 15 23 15 18 10 0 20 3 10 18 29 6 19 10 10 1 18 2 10 25 25 25 25 25 
15 23 15 18 25 0 20 3 10 0 29 6 19 10 17 1 18 2 10 1 25 25 25 25 25 
23 15 18 25 29 20 3 10 0 28 6 19 10 17 5 18 2 10 1 18 25 25 25 25 25 
15 18 25 29 25 3 10 0 28 3 19 10 17 5 23 2 10 1 18 2 25 25 25 25 25 
18 25 29 25 6 10 0 28 3 10 10 17 5 23 18 10 1 18 2 10 25 25 25 25 25 
6 11 19 11 14 10 0 20 3 14 18 29 6 19 14 10 1 18 2 14 25 25 25 25 29 
11 19 11 14 9 0 20 3 14 0 29 6 19 14 17 1 18 2 14 1 25 25 25 29 25 
19 11 14 9 17 20 3 14 0 28 6 19 14 17 5 18 2 14 1 18 25 25 29 25 25 
11 14 9 17 9 3 14 0 28 3 19 14 17 5 23 2 14 1 18 2 25 29 25 25 25 
14 9 17 9 5 14 0 28 3 10 14 17 5 23 18 14 1 18 2 10 29 25 25 25 25 
5 15 23 15 18 10 0 20 3 10 18 29 6 19 10 10 1 18 2 10 11 11 11 11 11 
15 23 15 18 25 0 20 3 10 0 29 6 19 10 17 1 18 2 10 1 11 11 11 11 11 
23 15 18 25 29 20 3 10 0 28 6 19 10 17 5 18 2 10 1 18 11 11 11 11 11 
15 18 25 29 25 3 10 0 28 3 19 10 17 5 23 2 10 1 18 2 11 11 11 11 11 
18 25 29 25 6 10 0 28 3 10 10 17 5 23 18 10 1 18 2 10 11 11 11 11 11 
6 11 19 11 26 10 0 20 3 26 18 29 6 19 26 10 1 18 2 26 11 11 11 11 19 
11 19 11 26 9 0 20 3 26 0 29 6 19 26 17 1 18 2 26 1 11 11 11 19 11 
19 11 26 9 17 20 3 26 0 28 6 19 26 17 5 18 2 26 1 18 11 11 19 11 11 
11 26 9 17 9 3 26 0 28 3 19 26 17 5 23 2 26 1 18 2 11 19 11 11 11 
26 9 17 9 5 26 0 28 3 10 26 17 5 23 18 26 1 18 2 10 19 11 11 11 11 
10 0 20 3 10 18 29 6 19 10 10 1 18 2 10 25 25 25 25 25 8 0 16 3 8 
0 20 3 10 0 29 6 19 10 17 1 18 2 10 1 25 25 25 25 25 0 16 3 8 0 
20 3 10 0 28 6 19 10 17 5 18 2 10 1 18 25 25 25 25 25 16 3 8 0 16 
3 10 0 28 3 19 10 17 5 23 2 10 1 18 2 25 25 25 25 25 3 8 0 16 3 
10 0 28 3 10 10 17 5 23 18 10 1 18 2 10 25 25 25 25 25 8 0 16 3 8 
10 0 20 3 10 18 29 6 19 10 10 1 18 2 10 11 11 11 11 11 8 0 16 3 8 
0 20 3 10 0 29 6 19 10 17 1 18 2 10 1 11 11 11 11 11 0 16 3 8 0 
20 3 10 0 28 6 19 10 17 5 18 2 10 1 18 11 11 11 11 11 16 3 8 0 16 
3 10 0 28 3 19 10 17 5 23 2 10 1 18 2 11 11 11 11 11 3 8 0 16 3 
10 0 28 3 10 10 17 5 23 18 10 1 18 2 10 11 11 11 11 11 8 0 16 3 8 
18 29 6 19 10 10 1 18 2 10 25 25 25 25 25 8 0 16 3 8 16 21 7 19 8 
29 6 19 10 17 1 18 2 10 1 25 25 25 25 25 0 16 3 8 0 21 7 19 8 17 
6 19 10 17 5 18 2 10 1 18 25 25 25 25 25 16 3 8 0 16 7 19 8 17 4 
19 10 17 5 23 2 10 1 18 2 25 25 25 25 25 3 8 0 16 3 19 8 17 4 31 
10 17 5 23 18 10 1 18 2 10 25 25 25 25 25 8 0 16 3 8 8 17 4 31 16 
18 29 6 19 10 10 1 18 2 10 11 11 11 11 11 8 0 16 3 8 16 21 7 19 8 
29 6 19 10 17 1 18 2 10 1 11 11 11 11 11 0 16 3 8 0 21 7 19 8 17 
6 19 10 17 5 18 2 10 1 18 11 11 11 11 11 16 3 8 0 16 7 19 8 17 4 
19 10 17 5 23 2 10 1 18 2 11 11 11 11 11 3 8 0 16 3 19 8 17 4 31 
10 17 5 23 18 10 1 18 2 10 11 11 11 11 11 8 0 16 3 8 8 17 4 31 16 
10 1 18 2 10 25 25 25 25 25 8 0 16 3 8 16 21 7 19 8 8 1 30 2 8 
1 18 2 10 1 25 25 25 25 25 0 16 3 8 0 21 7 19 8 17 1 30 2 8 1 
18 2 10 1 18 25 25 25 25 25 16 3 8 0 16 7 19 8 17 4 30 2 8 1 22 
2 10 1 18 2 25 25 25 25 25 3 8 0 16 3 19 8 17 4 31 2 8 1 22 2 
10 1 18 2 10 25 25 25 25 25 8 0 16 3 8 8 17 4 31 16 8 1 22 2 8 
10 1 18 2 10 11 11 11 11 11 8 0 16 3 8 16 21 7 19 8 8 1 30 2 8 
1 18 2 10 1 11 11 11 11 11 0 16 3 8 0 21 7 19 8 17 1 30 2 8 1 
18 2 10 1 18 11 11 11 11 11 16 3 8 0 16 7 19 8 17 4 30 2 8 1 22 
2 10 1 18 2 11 11 11 11 11 3 8 0 16 3 19 8 17 4 31 2 8 1 22 2 
10 1 18 2 10 11 11 11 11 11 8 0 16 3 8 8 17 4 31 16 8 1 22 2 8 
25 25 25 25 25 8 0 16 3 8 16 21 7 19 8 8 1 30 2 8 4 27 31 27 16 
25 25 25 25 25 0 16 3 8 0 21 7 19 8 17 1 30 2 8 1 27 31 27 16 13 
25 25 25 25 25 16 3 8 0 16 7 19 8 17 4 30 2 8 1 22 31 27 16 13 21 
25 25 25 25 25 3 8 0 16 3 19 8 17 4 31 2 8 1 22 2 27 16 13 21 13 
25 25 25 25 25 8 0 16 3 8 8 17 4 31 16 8 1 22 2 8 16 13 21 13 7 
25 25 25 25 29 8 0 16 3 24 16 21 7 19 24 8 1 30 2 24 7 11 19 11 24 
25 25 25 29 25 0 16 3 24 0 21 7 19 24 17 1 30 2 24 1 11 19 11 24 9 
25 25 29 25 25 16 3 24 0 16 7 19 24 17 4 30 2 24 1 22 19 11 24 9 17 
25 29 25 25 25 3 24 0 16 3 19 24 17 4 31 2 24 1 22 2 11 24 9 17 9 
29 25 25 25 25 24 0 16 3 8 24 17 4 31 16 24 1 22 2 8 24 9 17 9 4 
11 11 11 11 11 8 0 16 3 8 16 21 7 19 8 8 1 30 2 8 4 27 31 27 16 
11 11 11 11 11 0 16 3 8 0 21 7 19 8 17 1 30 2 8 1 27 31 27 16 13 
11 11 11 11 11 16 3 8 0 16 7 19 8 17 4 30 2 8 1 22 31 27 16 13 21 
11 11 11 11 11 3 8 0 16 3 19 8 17 4 31 2 8 1 22 2 27 16 13 21 13 
11 11 11 11 11 8 0 16 3 8 8 17 4 31 16 8 1 22 2 8 16 13 21 13 7 
11 11 11 11 19 8 0 16 3 12 16 21 7 19 12 8 1 30 2 12 7 11 19 11 12 
11 11 11 19 11 0 16 3 12 0 21 7 19 12 17 1 30 2 12 1 11 19 11 12 9 
11 11 19 11 11 16 3 12 0 16 7 19 12 17 4 30 2 12 1 22 19 11 12 9 17 
11 19 11 11 11 3 12 0 16 3 19 12 17 4 31 2 12 1 22 2 11 12 9 17 9 
19 11 11 11 11 12 0 16 3 8 12 17 4 31 16 12 1 22 2 8 12 9 17 9 4 
5 15 23 15 18 10 0 20 3 10 18 29 6 19 10 10 1 18 2 10 13 13 13 13 13 
15 23 15 18 25 0 20 3 10 0 29 6 19 10 17 1 18 2 10 1 13 13 13 13 13 
23 15 18 25 29 20 3 10 0 28 6 19 10 17 5 18 2 10 1 18 13 13 13 13 13 
15 18 25 29 25 3 10 0 28 3 19 10 17 5 23 2 10 1 18 2 13 13 13 13 13 
18 25 29 25 6 10 0 28 3 10 10 17 5 23 18 10 1 18 2 10 13 13 13 13 13 
6 11 19 11 14 10 0 20 3 14 18 29 6 19 14 10 1 18 2 14 13 13 13 13 21 
11 19 11 14 9 0 20 3 14 0 29 6 19 14 17 1 18 2 14 1 13 13 13 21 13 
19 11 14 9 17 20 3 14 0 28 6 19 14 17 5 18 2 14 1 18 13 13 21 13 13 
11 14 9 17 9 3 14 0 28 3 19 14 17 5 23 2 14 1 18 2 13 21 13 13 13 
14 9 17 9 5 14 0 28 3 10 14 17 5 23 18 14 1 18 2 10 21 13 13 13 13 
10 0 20 3 10 18 29 6 19 10 10 1 18 2 10 13 13 13 13 13 8 0 16 3 8 
0 20 3 10 0 29 6 19 10 17 1 18 2 10 1 13 13 13 13 13 0 16 3 8 0 
20 3 10 0 28 6 19 10 17 5 18 2 10 1 18 13 13 13 13 13 16 3 8 0 16 
3 10 0 28 3 19 10 17 5 23 2 10 1 18 2 13 13 13 13 13 3 8 0 16 3 
10 0 28 3 10 10 17 5 23 18 10 1 18 2 10 13 13 13 13 13 8 0 16 3 8 
18 29 6 19 10 10 1 18 2 10 13 13 13 13 13 8 0 16 3 8 16 21 7 19 8 
29 6 19 10 17 1 18 2 10 1 13 13 13 13 13 0 16 3 8 0 21 7 19 8 17 
6 19 10 17 5 18 2 10 1 18 13 13 13 13 13 16 3 8 0 16 7 19 8 17 4 
19 10 17 5 23 2 10 1 18 2 13 13 13 13 13 3 8 0 16 3 19 8 17 4 31 
10 17 5 23 18 10 1 18 2 10 13 13 13 13 13 8 0 16 3 8 8 17 4 31 16 
10 1 18 2 10 13 13 13 13 13 8 0 16 3 8 16 21 7 19 8 8 1 30 2 8 
1 18 2 10 1 13 13 13 13 13 0 16 3 8 0 21 7 19 8 17 1 30 2 8 1 
18 2 10 1 18 13 13 13 13 13 16 3 8 0 16 7 19 8 17 4 30 2 8 1 22 
2 10 1 18 2 13 13 13 13 13 3 8 0 16 3 19 8 17 4 31 2 8 1 22 2 
10 1 18 2 10 13 13 13 13 13 8 0 16 3 8 8 17 4 31 16 8 1 22 2 8 
13 13 13 13 13 8 0 16 3 8 16 21 7 19 8 8 1 30 2 8 4 27 31 27 16 
13 13 13 13 13 0 16 3 8 0 21 7 19 8 17 1 30 2 8 1 27 31 27 16 13 
13 13 13 13 13 16 3 8 0 16 7 19 8 17 4 30 2 8 1 22 31 27 16 13 21 
13 13 13 13 13 3 8 0 16 3 19 8 17 4 31 2 8 1 22 2 27 16 13 21 13 
13 13 13 13 13 8 0 16 3 8 8 17 4 31 16 8 1 22 2 8 16 13 21 13 7 
13 13 13 13 21 8 0 16 3 24 16 21 7 19 24 8 1 30 2 24 7 11 19 11 24 
13 13 13 21 13 0 16 3 24 0 21 7 19 24 17 1 30 2 24 1 11 19 11 24 9 
13 13 21 13 13 16 3 24 0 16 7 19 24 17 4 30 2 24 1 22 19 11 24 9 17 
13 21 13 13 13 3 24 0 16 3 19 24 17 4 31 2 24 1 22 2 11 24 9 17 9 
21 13 13 13 13 24 0 16 3 8 24 17 4 31 16 24 1 22 2 8 24 9 17 9 4 
7 11 19 11 26 26 0 20 3 26 30 29 6 19 26 26 1 18 2 26 19 11 11 11 26 
11 19 11 26 9 0 20 3 26 0 29 6 19 26 17 1 18 2 26 1 11 11 11 26 9 
19 11 26 9 17 20 3 26 0 28 6 19 26 17 5 18 2 26 1 18 11 11 26 9 9 
11 26 9 17 9 3 26 0 28 3 19 26 17 5 23 2 26 1 18 2 11 26 9 9 9 
26 9 17 9 4 26 0 28 3 14 26 17 5 23 22 26 1 18 2 14 26 9 9 9 17 
26 0 20 3 26 30 29 6 19 26 26 1 18 2 26 19 11 11 11 26 12 0 16 3 26 
0 20 3 26 0 29 6 19 26 17 1 18 2 26 1 11 11 11 26 9 0 16 3 26 0 
20 3 26 0 28 6 19 26 17 5 18 2 26 1 18 11 11 26 9 9 16 3 26 0 16 
3 26 0 28 3 19 26 17 5 23 2 26 1 18 2 11 26 9 9 9 3 26 0 16 3 
26 0 28 3 14 26 17 5 23 22 26 1 18 2 14 26 9 9 9 17 26 0 16 3 24 
30 29 6 19 26 26 1 18 2 26 19 11 11 11 26 12 0 16 3 26 20 21 7 19 26 
29 6 19 26 17 1 18 2 26 1 11 11 11 26 9 0 16 3 26 0 21 7 19 26 17 
6 19 26 17 5 18 2 26 1 18 11 11 26 9 9 16 3 26 0 16 7 19 26 17 4 
19 26 17 5 23 2 26 1 18 2 11 26 9 9 9 3 26 0 16 3 19 26 17 4 31 
26 17 5 23 22 26 1 18 2 14 26 9 9 9 17 26 0 16 3 24 26 17 4 31 28 
26 1 18 2 26 19 11 11 11 26 12 0 16 3 26 20 21 7 19 26 12 1 30 2 26 
1 18 2 26 1 11 11 11 26 9 0 16 3 26 0 21 7 19 26 17 1 30 2 26 1 
18 2 26 1 18 11 11 26 9 9 16 3 26 0 16 7 19 26 17 4 30 2 26 1 22 
2 26 1 18 2 11 26 9 9 9 3 26 0 16 3 19 26 17 4 31 2 26 1 22 2 
26 1 18 2 14 26 9 9 9 17 26 0 16 3 24 26 17 4 31 28 26 1 22 2 24 
19 11 11 11 26 12 0 16 3 26 20 21 7 19 26 12 1 30 2 26 6 11 19 11 26 
11 11 11 26 9 0 16 3 26 0 21 7 19 26 17 1 30 2 26 1 11 19 11 26 9 
11 11 26 9 9 16 3 26 0 16 7 19 26 17 4 30 2 26 1 22 19 11 26 9 17 
11 26 9 9 9 3 26 0 16 3 19 26 17 4 31 2 26 1 22 2 11 26 9 17 9 
26 9 9 9 17 26 0 16 3 24 26 17 4 31 28 26 1 22 2 24 26 9 17 9 5 
6 11 19 11 26 10 0 20 3 26 18 29 6 19 26 10 1 18 2 26 15 15 15 15 30 
26 9 17 9 5 26 0 28 3 10 26 17 5 23 18 26 1 18 2 10 30 25 25 25 25 
10 0 20 3 26 18 29 6 19 26 10 1 18 2 26 15 15 15 15 30 8 0 16 3 26 
26 0 28 3 10 26 17 5 23 18 26 1 18 2 10 30 25 25 25 25 26 0 16 3 8 
18 29 6 19 26 10 1 18 2 26 15 15 15 15 30 8 0 16 3 26 16 21 7 19 26 
26 17 5 23 18 26 1 18 2 10 30 25 25 25 25 26 0 16 3 8 26 17 4 31 16 
10 1 18 2 26 15 15 15 15 30 8 0 16 3 26 16 21 7 19 26 8 1 30 2 26 
26 1 18 2 10 30 25 25 25 25 26 0 16 3 8 26 17 4 31 16 26 1 22 2 8 
15 15 15 15 30 8 0 16 3 26 16 21 7 19 26 8 1 30 2 26 7 11 19 11 26 
30 25 25 25 25 26 0 16 3 8 26 17 4 31 16 26 1 22 2 8 26 9 17 9 4 
6 11 19 11 8 10 0 20 3 8 18 29 6 19 8 10 1 18 2 8 11 11 11 11 8 
8 9 17 9 5 8 0 28 3 10 8 17 5 23 18 8 1 18 2 10 8 9 9 9 9 
10 0 20 3 8 18 29 6 19 8 10 1 18 2 8 11 11 11 11 8 8 0 16 3 8 
8 0 28 3 10 8 17 5 23 18 8 1 18 2 10 8 9 9 9 9 8 0 16 3 8 
18 29 6 19 8 10 1 18 2 8 11 11 11 11 8 8 0 16 3 8 16 21 7 19 8 
8 17 5 23 18 8 1 18 2 10 8 9 9 9 9 8 0 16 3 8 8 17 4 31 16 
10 1 18 2 8 11 11 11 11 8 8 0 16 3 8 16 21 7 19 8 8 1 30 2 8 
8 1 18 2 10 8 9 9 9 9 8 0 16 3 8 8 17 4 31 16 8 1 22 2 8 
11 11 11 11 8 8 0 16 3 8 16 21 7 19 8 8 1 30 2 8 7 11 19 11 8 
8 9 9 9 9 8 0 16 3 8 8 17 4 31 16 8 1 22 2 8 8 9 17 9 4 
6 11 19 11 10 10 0 20 3 10 18 29 6 19 10 10 1 18 2 10 9 9 9 9 9 
11 19 11 10 9 0 20 3 10 0 29 6 19 10 17 1 18 2 10 1 9 9 9 9 9 
19 11 10 9 17 20 3 10 0 28 6 19 10 17 5 18 2 10 1 18 9 9 9 9 9 
11 10 9 17 9 3 10 0 28 3 19 10 17 5 23 2 10 1 18 2 9 9 9 9 9 
10 9 17 9 5 10 0 28 3 10 10 17 5 23 18 10 1 18 2 10 9 9 9 9 9 
6 11 19 11 10 10 0 20 3 10 18 29 6 19 10 10 1 18 2 10 27 27 27 27 27 
11 19 11 10 9 0 20 3 10 0 29 6 19 10 17 1 18 2 10 1 27 27 27 27 27 
19 11 10 9 17 20 3 10 0 28 6 19 10 17 5 18 2 10 1 18 27 27 27 27 27 
11 10 9 17 9 3 10 0 28 3 19 10 17 5 23 2 10 1 18 2 27 27 27 27 27 
10 9 17 9 5 10 0 28 3 10 10 17 5 23 18 10 1 18 2 10 27 27 27 27 27 
9 9 9 9 9 8 0 16 3 8 16 21 7 19 8 8 1 30 2 8 7 11 19 11 8 
9 9 9 9 9 0 16 3 8 0 21 7 19 8 17 1 30 2 8 1 11 19 11 8 9 
9 9 9 9 9 16 3 8 0 16 7 19 8 17 4 30 2 8 1 22 19 11 8 9 17 
9 9 9 9 9 3 8 0 16 3 19 8 17 4 31 2 8 1 22 2 11 8 9 17 9 
9 9 9 9 9 8 0 16 3 8 8 17 4 31 16 8 1 22 2 8 8 9 17 9 4 
27 27 27 27 27 8 0 16 3 8 16 21 7 19 8 8 1 30 2 8 7 11 19 11 8 
27 27 27 27 27 0 16 3 8 0 21 7 19 8 17 1 30 2 8 1 11 19 11 8 9 
27 27 27 27 27 16 3 8 0 16 7 19 8 17 4 30 2 8 1 22 19 11 8 9 17 
27 27 27 27 27 3 8 0 16 3 19 8 17 4 31 2 8 1 22 2 11 8 9 17 9 
27 27 27 27 27 8 0 16 3 8 8 17 4 31 16 8 1 22 2 8 8 9 17 9 4 
6 11 19 11 14 10 0 20 3 14 18 29 6 19 14 10 1 18 2 14 11 11 11 11 14 
14 9 17 9 5 14 0 28 3 10 14 17 5 23 18 14 1 18 2 10 14 9 9 9 9 
10 0 20 3 14 18 29 6 19 14 10 1 18 2 14 11 11 11 11 14 8 0 16 3 14 
14 0 28 3 10 14 17 5 23 18 14 1 18 2 10 14 9 9 9 9 14 0 16 3 8 
18 29 6 19 14 10 1 18 2 14 11 11 11 11 14 8 0 16 3 14 16 21 7 19 14 
14 17 5 23 18 14 1 18 2 10 14 9 9 9 9 14 0 16 3 8 14 17 4 31 16 
10 1 18 2 14 11 11 11 11 14 8 0 16 3 14 16 21 7 19 14 8 1 30 2 14 
14 1 18 2 10 14 9 9 9 9 14 0 16 3 8 14 17 4 31 16 14 1 22 2 8 
11 11 11 11 14 8 0 16 3 14 16 21 7 19 14 8 1 30 2 14 7 11 19 11 14 
14 9 9 9 9 14 0 16 3 8 14 17 4 31 16 14 1 22 2 8 14 9 17 9 4 
6 11 19 11 24 10 0 20 3 24 18 29 6 19 24 10 1 18 2 24 11 11 11 11 24 
24 9 17 9 5 24 0 28 3 10 24 17 5 23 18 24 1 18 2 10 24 9 9 9 9 
10 0 20 3 24 18 29 6 19 24 10 1 18 2 24 11 11 11 11 24 8 0 16 3 24 
24 0 28 3 10 24 17 5 23 18 24 1 18 2 10 24 9 9 9 9 24 0 16 3 8 
18 29 6 19 24 10 1 18 2 24 11 11 11 11 24 8 0 16 3 24 16 21 7 19 24 
24 17 5 23 18 24 1 18 2 10 24 9 9 9 9 24 0 16 3 8 24 17 4 31 16 
10 1 18 2 24 11 11 11 11 24 8 0 16 3 24 16 21 7 19 24 8 1 30 2 24 
24 1 18 2 10 24 9 9 9 9 24 0 16 3 8 24 17 4 31 16 24 1 22 2 8 
11 11 11 11 24 8 0 16 3 24 16 21 7 19 24 8 1 30 2 24 7 11 19 11 24 
24 9 9 9 9 24 0 16 3 8 24 17 4 31 16 24 1 22 2 8 24 9 17 9 4 
6 11 19 11 10 10 0 20 3 10 18 29 6 19 10 10 1 18 2 10 15 15 15 15 15 
11 19 11 10 9 0 20 3 10 0 29 6 19 10 17 1 18 2 10 1 15 15 15 15 15 
19 11 10 9 17 20 3 10 0 28 6 19 10 17 5 18 2 10 1 18 15 15 15 15 15 
11 10 9 17 9 3 10 0 28 3 19 10 17 5 23 2 10 1 18 2 15 15 15 15 15 
10 9 17 9 5 10 0 28 3 10 10 17 5 23 18 10 1 18 2 10 15 15 15 15 15 
15 15 15 15 15 8 0 16 3 8 16 21 7 19 8 8 1 30 2 8 7 11 19 11 8 
15 15 15 15 15 0 16 3 8 0 21 7 19 8 17 1 30 2 8 1 11 19 11 8 9 
15 15 15 15 15 16 3 8 0 16 7 19 8 17 4 30 2 8 1 22 19 11 8 9 17 
15 15 15 15 15 3 8 0 16 3 19 8 17 4 31 2 8 1 22 2 11 8 9 17 9 
15 15 15 15 15 8 0 16 3 8 8 17 4 31 16 8 1 22 2 8 8 9 17 9 4 
6 11 19 11 10 10 0 20 3 10 18 29 6 19 10 10 1 18 2 10 11 11 11 11 10 
10 9 17 9 5 10 0 28 3 10 10 17 5 23 18 10 1 18 2 10 10 9 9 9 9 
10 0 20 3 10 18 29 6 19 10 10 1 18 2 10 11 11 11 11 10 8 0 16 3 10 
10 0 28 3 10 10 17 5 23 18 10 1 18 2 10 10 9 9 9 9 10 0 16 3 8 
18 29 6 19 10 10 1 18 2 10 11 11 11 11 10 8 0 16 3 10 16 21 7 19 10 
10 17 5 23 18 10 1 18 2 10 10 9 9 9 9 10 0 16 3 8 10 17 4 31 16 
10 1 18 2 10 11 11 11 11 10 8 0 16 3 10 16 21 7 19 10 8 1 30 2 10 
10 1 18 2 10 10 9 9 9 9 10 0 16 3 8 10 17 4 31 16 10 1 22 2 8 
11 11 11 11 10 8 0 16 3 10 16 21 7 19 10 8 1 30 2 10 7 11 19 11 10 
10 9 9 9 9 10 0 16 3 8 10 17 4 31 16 10 1 22 2 8 10 9 17 9 4 
6 11 19 11 12 10 0 20 3 12 18 29 6 19 12 10 1 18 2 12 11 11 11 11 12 
12 9 17 9 5 12 0 28 3 10 12 17 5 23 18 12 1 18 2 10 12 9 9 9 9 
10 0 20 3 12 18 29 6 19 12 10 1 18 2 12 11 11 11 11 12 8 0 16 3 12 
12 0 28 3 10 12 17 5 23 18 12 1 18 2 10 12 9 9 9 9 12 0 16 3 8 
18 29 6 19 12 10 1 18 2 12 11 11 11 11 12 8 0 16 3 12 16 21 7 19 12 
12 17 5 23 18 12 1 18 2 10 12 9 9 9 9 12 0 16 3 8 12 17 4 31 16 
10 1 18 2 12 11 11 11 11 12 8 0 16 3 12 16 21 7 19 12 8 1 30 2 12 
12 1 18 2 10 12 9 9 9 9 12 0 16 3 8 12 17 4 31 16 12 1 22 2 8 
11 11 11 11 12 8 0 16 3 12 16 21 7 19 12 8 1 30 2 12 7 11 19 11 12 
12 9 9 9 9 12 0 16 3 8 12 17 4 31 16 12 1 22 2 8 12 9 17 9 4 
6 11 19 11 10 10 0 20 3 10 18 29 6 19 10 10 1 18 2 10 25 25 25 25 25 
11 19 11 10 9 0 20 3 10 0 29 6 19 10 17 1 18 2 10 1 25 25 25 25 25 
19 11 10 9 17 20 3 10 0 28 6 19 10 17 5 18 2 10 1 18 25 25 25 25 25 
11 10 9 17 9 3 10 0 28 3 19 10 17 5 23 2 10 1 18 2 25 25 25 25 25 
10 9 17 9 5 10 0 28 3 10 10 17 5 23 18 10 1 18 2 10 25 25 25 25 25 
6 11 19 11 10 10 0 20 3 10 18 29 6 19 10 10 1 18 2 10 11 11 11 11 11 
11 19 11 10 9 0 20 3 10 0 29 6 19 10 17 1 18 2 10 1 11 11 11 11 11 
19 11 10 9 17 20 3 10 0 28 6 19 10 17 5 18 2 10 1 18 11 11 11 11 11 
11 10 9 17 9 3 10 0 28 3 19 10 17 5 23 2 10 1 18 2 11 11 11 11 11 
10 9 17 9 5 10 0 28 3 10 10 17 5 23 18 10 1 18 2 10 11 11 11 11 11 
25 25 25 25 25 8 0 16 3 8 16 21 7 19 8 8 1 30 2 8 7 11 19 11 8 
25 25 25 25 25 0 16 3 8 0 21 7 19 8 17 1 30 2 8 1 11 19 11 8 9 
25 25 25 25 25 16 3 8 0 16 7 19 8 17 4 30 2 8 1 22 19 11 8 9 17 
25 25 25 25 25 3 8 0 16 3 19 8 17 4 31 2 8 1 22 2 11 8 9 17 9 
25 25 25 25 25 8 0 16 3 8 8 17 4 31 16 8 1 22 2 8 8 9 17 9 4 
11 11 11 11 11 8 0 16 3 8 16 21 7 19 8 8 1 30 2 8 7 11 19 11 8 
11 11 11 11 11 0 16 3 8 0 21 7 19 8 17 1 30 2 8 1 11 19 11 8 9 
11 11 11 11 11 16 3 8 0 16 7 19 8 17 4 30 2 8 1 22 19 11 8 9 17 
11 11 11 11 11 3 8 0 16 3 19 8 17 4 31 2 8 1 22 2 11 8 9 17 9 
11 11 11 11 11 8 0 16 3 8 8 17 4 31 16 8 1 22 2 8 8 9 17 9 4 
6 11 19 11 10 10 0 20 3 10 18 29 6 19 10 10 1 18 2 10 13 13 13 13 13 
11 19 11 10 9 0 20 3 10 0 29 6 19 10 17 1 18 2 10 1 13 13 13 13 13 
19 11 10 9 17 20 3 10 0 28 6 19 10 17 5 18 2 10 1 18 13 13 13 13 13 
11 10 9 17 9 3 10 0 28 3 19 10 17 5 23 2 10 1 18 2 13 13 13 13 13 
10 9 17 9 5 10 0 28 3 10 10 17 5 23 18 10 1 18 2 10 13 13 13 13 13 
13 13 13 13 13 8 0 16 3 8 16 21 7 19 8 8 1 30 2 8 7 11 19 11 8 
13 13 13 13 13 0 16 3 8 0 21 7 19 8 17 1 30 2 8 1 11 19 11 8 9 
13 13 13 13 13 16 3 8 0 16 7 19 8 17 4 30 2 8 1 22 19 11 8 9 17 
13 13 13 13 13 3 8 0 16 3 19 8 17 4 31 2 8 1 22 2 11 8 9 17 9 
13 13 13 13 13 8 0 16 3 8 8 17 4 31 16 8 1 22 2 8 8 9 17 9 4 
6 11 19 11 26 10 0 20 3 26 18 29 6 19 26 10 1 18 2 26 11 11 11 11 26 
26 9 17 9 5 26 0 28 3 10 26 17 5 23 18 26 1 18 2 10 26 9 9 9 9 
10 0 20 3 26 18 29 6 19 26 10 1 18 2 26 11 11 11 11 26 8 0 16 3 26 
26 0 28 3 10 26 17 5 23 18 26 1 18 2 10 26 9 9 9 9 26 0 16 3 8 
18 29 6 19 26 10 1 18 2 26 11 11 11 11 26 8 0 16 3 26 16 21 7 19 26 
26 17 5 23 18 26 1 18 2 10 26 9 9 9 9 26 0 16 3 8 26 17 4 31 16 
10 1 18 2 26 11 11 11 11 26 8 0 16 3 26 16 21 7 19 26 8 1 30 2 26 
26 1 18 2 10 26 9 9 9 9 26 0 16 3 8 26 17 4 31 16 26 1 22 2 8 
11 11 11 11 26 8 0 16 3 26 16 21 7 19 26 8 1 30 2 26 7 11 19 11 26 
26 9 9 9 9 26 0 16 3 8 26 17 4 31 16 26 1 22 2 8 26 9 17 9 4 
